1000
1 6982
1 7293
2
3
1 3573
3
1 4339
1 4062
1 4419
1 9005
1 3299
3
1 6526
1 4430
3
1 7187
3
1 9487
3
1 4596
1 2737
1 9474
1 5020
3
1 7782
1 4066
1 1093
3
1 4806
3
1 6562
1 1809
3
1 1283
2
2
3
2
2
1 908
3
2
1 6153
3
2
3
1 8429
3
1 655
3
2
1 1914
1 4176
1 1722
3
2
1 4333
2
1 8073
3
1 6270
1 700
1 4653
1 1706
1 3469
2
2
1 5783
2
1 5164
3
1 2084
1 727
3
2
2
2
3
1 166
1 2001
3
1 3053
2
1 1111
3
2
1 3873
3
1 9576
1 4148
3
2
3
1 4249
2
3
2
2
3
1 7839
1 3486
1 5818
2
3
2
3
2
2
1 7275
2
1 24
3
2
3
2
3
2
1 4741
1 5619
2
2
3
1 5466
1 2938
3
1 814
2
1 4216
1 3045
3
2
2
2
3
2
3
1 4440
3
1 1989
1 5634
1 1659
3
1 1705
1 9503
3
1 2309
3
1 8091
1 694
3
1 9890
1 8042
3
1 6310
3
1 7909
3
1 6726
3
1 4457
1 8587
3
1 1429
3
1 5416
1 5035
3
1 469
1 6360
1 6694
1 6690
1 3329
1 7748
1 4469
1 9667
1 1069
3
1 5558
1 7979
3
1 6849
1 9561
3
1 3028
1 7452
1 6372
3
1 5848
1 427
3
1 5429
1 4990
3
1 5869
3
1 9525
1 222
3
1 5915
1 410
1 6105
3
1 8553
1 5510
3
1 5210
1 7967
3
1 4360
1 934
3
1 4302
1 7301
1 2704
1 7902
1 1186
1 3151
1 3588
1 9002
1 4579
1 9829
3
2
2
3
2
3
2
2
1 133
3
2
2
1 8072
1 5952
3
2
2
1 2673
3
2
3
1 8983
3
1 1144
3
1 9828
3
1 5719
3
1 6273
3
1 8946
3
1 3417
1 3801
3
1 8052
3
1 6368
1 2253
1 1190
1 3063
3
1 1096
3
1 7940
3
1 6552
1 1536
3
1 7905
3
1 8697
3
1 1098
1 2882
3
1 822
1 3299
1 2627
3
1 8564
3
1 1275
3
1 3525
1 1886
1 6086
1 6930
1 7686
1 6794
3
1 472
1 6388
3
1 7462
1 8226
3
1 4040
3
1 2928
1 6733
1 5658
3
1 7588
1 857
1 4806
3
1 3844
1 3979
1 6311
3
1 8750
1 1924
3
1 8658
1 7614
1 4752
1 2420
3
1 8693
1 4264
1 1349
3
1 6530
3
1 1710
3
1 2117
1 3985
3
1 9073
3
1 563
3
1 2639
3
1 3866
1 5983
3
1 8695
3
1 7022
1 8302
3
1 1640
1 6661
3
1 8675
1 1444
3
1 6824
1 4713
1 7607
3
1 169
1 488
1 6434
3
1 2802
1 5776
3
1 5179
3
1 2004
3
1 9673
3
1 4995
1 6384
1 9562
1 2939
1 9320
3
1 7788
3
1 7386
1 5219
3
1 7239
3
1 9902
1 9193
1 8007
1 2663
3
1 7777
3
1 4707
1 8703
1 1942
3
1 5269
1 7383
3
1 7011
1 5997
3
1 4005
3
1 4830
1 281
1 8532
1 713
3
1 9919
3
1 3439
1 2528
3
1 5030
1 4559
1 8814
1 5393
3
1 2044
1 5483
1 2432
1 89
3
1 598
1 375
1 5494
3
1 7425
3
1 3410
3
1 2681
1 2312
1 7094
1 3370
1 1319
1 9172
1 248
1 5454
1 2638
3
1 1529
1 5262
1 5511
1 8193
1 8786
1 8508
1 5978
3
1 9693
1 6045
1 7758
1 4497
3
1 2490
1 1029
3
1 5303
3
1 3690
1 6557
1 120
3
1 2909
3
1 5857
1 183
3
1 8296
1 5175
3
1 5217
1 2254
1 6426
1 8247
1 3246
3
1 3125
1 8983
1 4722
3
1 3867
3
1 5514
1 6477
1 6392
3
1 4108
1 9290
3
1 5755
3
1 5428
1 9900
3
1 3034
3
1 4392
1 2631
3
1 8440
1 5239
1 9331
1 7757
3
1 3186
3
1 4551
3
1 8555
1 7656
1 8400
3
1 4256
3
1 6785
3
1 7727
1 6037
3
1 588
3
1 5066
1 6349
1 7889
1 2483
1 1194
3
1 4437
1 4623
1 8702
3
1 2194
1 4575
3
1 3274
3
1 5241
3
1 7797
1 8386
3
1 177
1 3419
1 8110
1 9727
1 5646
1 2872
3
1 7130
1 5993
1 6630
3
1 4924
3
1 9577
3
1 8670
3
1 4750
1 2853
3
1 3030
3
1 1829
3
1 629
1 5652
3
1 4100
1 7762
3
1 8555
1 7657
1 5208
3
1 8391
1 4043
1 716
3
1 7148
1 4617
1 7921
3
1 9528
3
1 6853
1 3684
1 64
3
1 9866
1 7014
3
1 2315
1 3863
1 7051
3
1 6691
1 9003
1 4046
1 265
1 5862
1 2632
3
1 7001
1 2521
3
1 6465
3
1 4787
3
1 5352
3
1 8086
1 1460
3
1 509
1 2944
3
1 5687
3
1 1236
3
1 2339
1 8938
1 399
3
1 4729
3
1 5342
3
1 9927
3
1 5990
3
1 8817
3
1 5459
1 8944
1 1412
1 1704
3
1 494
3
1 7737
1 8665
3
1 4779
3
1 7298
3
1 3841
1 1627
1 8413
1 5541
1 6036
1 901
3
1 1724
3
1 7214
1 9390
3
1 2560
1 9560
3
1 5029
1 5925
1 386
3
1 6206
1 201
1 9646
3
1 2679
3
1 1533
1 1598
3
1 9435
3
1 1306
3
1 3783
1 3815
3
1 640
3
1 4309
3
1 9138
1 2883
3
1 2665
1 2832
1 9964
3
1 4820
3
1 6523
3
1 8310
1 6436
3
1 2062
1 3952
1 5595
3
1 6831
3
1 4973
1 7229
3
1 6167
3
1 4275
3
1 3548
3
1 6298
3
1 934
3
1 5210
1 5322
3
1 4427
3
1 8364
1 9055
1 742
1 8956
1 4092
3
1 2919
1 8823
1 3474
1 2154
3
1 3419
3
1 1203
1 3680
3
1 1181
1 6489
1 7897
1 106
1 1650
1 4294
1 4820
1 3257
3
1 4711
1 458
3
1 8034
1 4190
3
1 9800
3
1 7154
3
1 3321
3
1 9175
3
1 9717
1 7713
3
1 6310
1 2075
3
1 1198
3
1 8446
3
1 1767
1 6213
1 2576
3
1 4573
1 5522
3
1 7607
3
1 1651
3
1 7299
1 7763
1 2931
3
1 4498
1 5727
3
1 7475
1 9909
3
1 8393
1 1327
3
1 8291
1 252
1 1434
1 3137
1 5216
1 5871
1 7644
1 5424
1 8220
1 779
1 7028
1 9752
1 4395
1 204
3
1 5342
3
1 6878
1 2953
1 4994
1 2023
1 3466
1 8097
1 4276
1 8013
1 991
1 9680
1 1134
1 4364
1 9280
1 6298
3
1 4842
3
1 1988
3
1 7524
3
1 2930
3
1 1932
1 7091
3
1 7403
1 1686
1 3178
3
1 5457
1 4066
1 6708
3
1 1998
3
1 6498
1 3901
3
1 1197
1 5803
1 8695
1 9911
1 9254
1 2354
3
1 3127
1 4435
3
1 7735
1 7821
1 4290
1 9812
1 2670
3
1 1353
1 8069
3
1 3493
3
1 1598
1 4457
3
1 2279
1 7351
3
1 9792
3
1 5075
1 5194
3
1 5615
1 1680
3
1 7432
1 8524
1 6316
3
1 8659
1 8848
3
1 3654
3
1 1585
3
1 8581
3
1 2190
1 4859
1 2130
3
1 5344
3
1 465
1 2767
3
1 8306
1 8725
1 5451
3
1 6612
1 307
3
1 9204
1 4549
1 3811
1 7625
1 9540
1 3408
1 138
1 4923
1 5841
1 4336
1 9470
1 4547
1 6094
1 9509
3
1 3262
1 2338
3
1 2525
1 7365
3
1 7413
1 9847
1 6284
1 4422
3
1 7852
3
1 3571
3
1 799
1 7359
1 2223
1 8631
1 1401
1 130
1 3595
3
1 1589
1 6965
1 4383
3
1 7573
3
1 2807
1 2119
3
1 8913
1 3088
3
1 4754
3
1 2150
3
1 562
1 5463
3
1 4516
1 1765
3
1 5701
1 7258
3
1 3095
3
1 7067
1 6993
3
1 611
1 1165
1 507
3
1 6709
3
1 7212
3
1 7266
3
1 6722
3
1 1348
