10000
1 4237
3
1 7940
1 9689
3
2
3
1 1963
2
3
1 5776
3
1 5029
2
3
1 5351
1 2347
1 5751
1 6695
3
1 1228
3
1 9168
3
1 6083
1 9458
3
2
1 4777
1 3580
1 9459
3
1 8886
3
1 2107
1 6534
3
1 7212
2
2
1 4308
2
2
3
2
3
1 9220
2
2
2
3
2
2
3
1 4376
1 4490
3
2
2
3
1 998
1 3122
3
1 7156
1 4700
1 1164
1 5723
1 332
2
3
2
1 3328
1 1264
1 7450
3
1 4485
2
2
1 5675
3
2
2
3
2
1 8139
3
2
1 6825
3
1 4627
3
1 3182
1 8305
3
2
2
3
1 2049
2
2
1 7813
2
1 9597
1 6313
3
1 4453
3
1 9365
1 3797
2
1 4486
1 8650
1 2345
3
2
1 5544
3
1 4908
3
1 1221
3
1 2026
3
1 3210
1 7559
3
2
3
1 8887
3
2
1 9105
2
3
1 7268
2
1 5647
1 1515
3
1 5426
2
2
2
1 1993
1 7687
3
1 7954
3
2
2
2
2
2
1 693
2
3
1 4902
3
2
3
2
3
2
1 6915
2
3
1 7510
2
3
1 7892
1 6772
2
3
1 6530
1 7188
1 2945
3
1 8282
2
2
2
2
3
2
3
1 853
2
3
1 6400
3
2
2
2
1 7772
3
2
2
1 7062
3
2
3
2
1 8538
2
3
1 6374
2
3
2
1 6603
3
2
3
2
3
2
3
2
3
2
3
2
1 7031
3
2
3
2
3
1 5746
1 9301
3
1 852
2
3
2
3
1 1540
2
2
3
1 8978
2
1 3737
2
1 1403
1 4308
2
1 4718
2
3
1 7637
1 2896
1 130
1 1483
1 4435
2
1 5975
1 5910
3
1 1241
1 4547
3
2
2
2
2
3
1 6806
2
1 4724
3
2
3
2
3
2
1 4660
3
1 7252
3
1 5884
1 7739
1 629
2
2
2
1 7217
3
1 4024
1 1911
2
1 867
3
2
1 7288
1 8671
3
2
1 1713
1 8670
2
2
3
1 1081
3
2
2
3
1 5447
3
2
2
1 5716
3
2
1 5322
3
2
1 8081
2
2
2
1 4408
1 4169
3
1 761
3
2
3
2
3
2
1 5420
1 8930
2
3
2
1 1987
2
1 5600
2
1 5136
1 246
3
2
1 216
1 7044
1 3481
1 2013
2
3
1 1137
3
2
1 5044
3
1 3683
1 764
2
1 2253
2
1 8300
1 8656
2
2
3
1 718
2
2
1 9929
1 1812
3
1 3539
3
1 4935
3
2
1 9855
1 2849
1 9732
1 5414
2
3
2
1 2051
3
1 4092
1 4588
2
3
2
2
2
2
1 9774
2
1 8953
3
1 6738
3
2
1 4910
1 7423
3
1 6467
3
1 6911
3
1 4002
3
2
1 9879
3
1 1922
1 6095
1 3957
2
2
2
2
1 3518
3
1 941
2
1 5164
2
3
2
1 7159
2
1 1703
3
2
1 8280
2
1 6554
3
2
3
1 352
1 6326
1 2686
3
2
3
1 2680
1 8864
3
2
3
2
3
2
1 1933
3
2
3
1 9253
3
2
3
2
1 3779
2
3
1 908
1 1777
2
1 6819
3
2
3
1 6373
1 2259
2
1 4201
3
1 8919
1 4448
3
1 5540
1 9959
1 2893
2
1 153
2
2
1 6866
2
1 2037
1 9116
2
3
1 3871
1 3325
3
2
2
2
3
1 1076
1 9559
1 1757
2
3
2
2
3
1 6285
3
2
2
1 6502
3
1 8432
1 1638
2
3
2
1 5821
1 8373
2
1 6483
1 9550
3
1 6544
2
3
1 1422
1 9626
2
2
1 6492
1 3811
3
1 2395
3
2
1 3030
2
2
3
1 808
3
2
1 7701
1 3484
3
1 6072
1 571
2
2
2
2
3
1 7366
3
2
2
1 4671
1 4406
1 1061
2
3
2
3
1 4765
1 6319
1 5001
3
1 2391
2
3
1 3050
2
2
2
2
3
1 3832
3
1 8238
3
1 9283
1 8712
3
1 3477
3
1 8079
3
1 8752
2
3
2
1 3121
2
3
1 6864
1 8455
2
1 3046
2
1 7469
3
1 6182
2
2
3
1 4090
3
1 9195
1 5912
2
2
2
1 5015
1 2342
2
1 3495
2
2
2
1 7630
3
1 3847
3
1 9858
2
1 301
2
2
3
2
2
2
2
2
3
1 520
3
2
1 5178
1 1513
3
1 9178
1 9128
2
3
2
1 6083
3
1 4642
2
3
2
3
1 8927
2
3
1 4979
3
2
2
2
2
3
2
1 7324
1 5148
3
2
2
3
2
1 1064
3
1 7622
1 7350
2
1 6402
3
1 6334
1 7367
3
2
3
1 3379
2
1 8527
2
1 5615
3
1 4943
3
2
1 7477
2
1 9927
1 5378
3
1 5753
1 8298
3
2
3
2
3
2
1 4791
3
2
2
1 8177
3
1 7966
1 1296
3
2
2
1 8476
2
2
2
3
1 8743
3
1 119
2
3
1 5655
1 3608
3
1 6783
2
2
2
2
2
3
1 9104
2
3
1 3596
2
3
2
2
2
1 3672
2
2
3
1 4593
2
2
1 1869
1 1337
3
2
3
2
1 1928
1 1299
1 4175
3
2
1 3745
3
2
2
1 8520
3
2
1 1295
1 2507
1 6749
1 939
2
2
2
2
1 9750
2
2
3
2
3
2
3
1 2703
3
2
2
3
1 1644
3
1 5057
2
3
2
3
1 3559
3
2
2
2
1 2302
2
3
1 718
3
2
1 8600
3
2
3
1 3305
1 8132
1 7667
2
3
2
3
1 2908
2
3
1 2921
3
1 6309
1 6516
2
1 142
1 6638
3
2
2
3
1 1255
3
1 6943
1 3449
3
2
2
3
2
1 1317
3
1 7626
1 8172
3
1 4666
3
1 133
1 2913
1 7819
1 4976
1 8287
3
1 5156
1 8559
3
2
2
1 1687
2
1 1748
3
2
2
1 5150
1 318
1 9180
1 3848
2
1 6956
3
2
3
1 634
2
1 3768
3
1 7821
3
1 9254
2
3
1 2761
3
1 3079
2
2
3
1 2334
2
2
1 8573
1 199
1 4864
3
1 4984
2
1 505
3
1 4130
3
2
3
1 2248
1 2273
2
2
1 9661
2
3
2
1 688
2
1 7240
2
3
1 9036
2
3
2
1 4290
2
1 3777
1 731
2
2
1 4058
3
2
1 1695
2
3
2
3
2
1 5056
1 2690
1 9856
2
3
1 1302
2
3
2
2
2
3
1 9302
2
2
3
2
1 3432
1 5460
1 1000
2
2
1 4684
3
1 4060
3
1 3837
1 5429
2
3
2
3
1 5025
3
2
1 8134
3
1 1526
1 8447
3
1 3132
3
2
2
2
2
1 5003
2
2
3
2
1 9175
1 2272
2
1 3649
1 6977
3
2
3
1 4878
3
1 9166
2
2
1 8061
1 383
2
1 9836
2
3
2
1 948
1 8663
1 2244
1 7886
1 7234
1 6839
2
1 6521
1 4253
1 2634
1 8399
2
1 5134
1 1200
3
1 3646
2
2
3
2
2
3
2
3
1 4408
1 1972
3
1 7711
1 4743
3
1 3142
2
2
1 209
3
1 6787
2
1 6984
3
1 5775
1 2398
1 8184
2
1 5340
2
1 3664
2
2
2
3
1 8073
3
2
2
1 8380
3
2
1 8402
2
1 3330
3
2
2
3
2
2
2
2
2
2
3
1 3345
2
2
2
2
2
3
1 9107
1 2170
1 960
3
1 5714
2
3
2
1 639
2
3
2
1 1878
2
2
3
1 5294
1 5059
3
1 9676
2
3
2
3
1 6433
2
3
1 5069
3
2
3
1 6529
3
2
2
2
2
3
2
3
1 3425
1 5850
2
1 2920
2
2
1 4499
1 1183
1 4217
1 3100
2
2
3
1 8481
2
2
2
1 5035
1 9998
2
3
2
1 5192
1 6538
3
1 8388
1 3270
3
2
1 2455
3
2
3
1 6405
2
1 1238
1 486
1 7087
3
2
2
2
2
3
1 4948
1 2109
3
2
3
1 1358
3
2
2
2
3
1 4098
3
2
3
2
2
1 1035
3
2
1 1454
1 7563
1 9137
1 4209
2
2
1 4447
2
1 4183
2
1 2726
1 1496
1 2684
3
1 3233
2
1 4269
1 4109
1 3065
2
2
3
1 9491
1 184
2
2
1 8227
3
2
1 3343
2
2
1 1070
2
1 2585
3
2
1 6737
2
3
1 1055
2
1 3009
2
2
2
1 8077
1 7470
2
3
2
1 6883
3
2
1 4250
2
3
1 1921
1 1305
1 74
2
2
2
2
3
1 276
2
2
2
2
1 1010
1 5740
3
1 2624
3
2
1 6853
1 173
2
2
1 3378
2
2
3
2
2
1 7173
1 9318
2
2
1 2889
1 8161
2
2
1 4025
2
2
1 5171
3
1 9300
1 4180
3
2
1 1468
2
1 8364
2
1 1889
2
1 3768
1 2059
2
1 6572
3
2
3
2
3
2
1 6647
1 9193
1 6466
1 3385
1 3710
2
3
2
3
1 4313
1 5106
3
1 4589
1 8935
2
3
1 7628
3
1 5504
1 6547
2
2
3
1 7093
2
1 3539
1 1123
1 5220
1 7971
2
2
2
2
1 1136
1 958
3
2
2
3
2
1 4659
1 8119
2
3
1 8224
3
2
1 101
3
1 4424
3
1 1516
3
1 5661
3
1 4738
2
3
2
1 7317
2
3
1 5099
3
2
1 6656
2
1 1080
2
2
3
2
1 9523
2
2
2
1 890
1 5847
1 7416
2
2
1 1150
1 6495
2
1 6014
2
2
2
2
1 6155
1 2844
2
2
1 7854
2
2
3
2
3
2
2
1 7728
3
2
1 9834
2
2
3
2
1 5240
2
3
1 1997
1 1593
1 6775
3
2
3
2
1 4178
3
1 4616
2
3
1 3437
3
1 5099
3
1 9172
2
3
1 1721
1 8171
1 5292
2
3
2
3
1 5069
1 6114
1 6093
3
2
1 2919
3
2
1 3756
3
2
1 8953
2
2
2
3
1 4395
2
3
1 5261
3
1 8398
1 4782
3
2
3
2
1 5207
1 443
1 3032
2
1 7884
3
1 4456
1 3216
3
2
3
2
1 6350
1 5532
2
1 8814
3
1 5829
3
1 3102
1 2697
1 7930
1 4039
3
1 6711
3
2
2
2
2
1 8010
2
2
1 7531
3
1 8328
3
2
2
3
2
3
2
2
3
2
1 16
2
1 9100
1 3325
2
3
2
2
3
1 4876
1 4923
1 8999
3
2
1 5117
2
2
3
1 8787
1 6498
2
3
2
2
1 5595
1 9109
1 330
3
1 8800
1 6125
1 6512
1 1352
3
2
3
1 9709
1 302
2
3
2
3
1 9714
1 4914
3
1 1705
1 5352
3
2
3
1 5845
2
3
2
3
1 6669
1 6311
2
3
1 9884
1 7835
1 6593
2
3
2
3
2
3
1 1272
1 7869
2
3
1 4550
1 6039
1 244
1 883
3
2
3
2
1 2295
1 855
1 10
2
3
1 3759
1 4474
3
2
2
3
2
2
1 1037
2
1 8900
2
3
1 9006
1 6890
2
3
2
1 3400
1 9007
3
1 4790
2
2
2
3
2
3
1 6773
3
1 3874
3
2
1 5082
1 8856
1 3019
2
1 460
2
3
1 5950
3
1 1231
2
2
1 3355
3
2
2
3
2
3
1 3419
2
2
3
2
2
1 1359
1 1696
1 7955
1 231
2
1 1298
2
3
1 4267
3
1 9662
2
3
2
3
2
2
1 778
2
2
1 6769
3
1 4481
3
2
3
2
1 2884
3
2
1 3206
1 4042
1 2712
3
2
3
1 233
2
1 7363
3
1 9347
1 1473
1 7366
1 4655
2
2
3
2
1 2632
3
2
2
2
2
3
1 6666
3
1 6899
1 7292
3
1 4222
2
2
2
2
1 1735
2
2
3
1 2678
3
2
2
3
1 8814
1 6442
1 4102
3
1 6360
1 571
1 65
2
1 6104
3
1 9228
2
1 5404
1 2244
3
1 7278
1 9765
1 6226
2
1 9334
2
1 5694
3
2
1 7348
3
2
1 9415
1 2764
2
3
1 400
1 233
2
3
2
2
3
1 101
3
1 5158
2
2
3
2
2
3
1 3397
2
2
1 5621
3
2
3
1 7369
3
2
3
1 6110
2
1 3413
2
1 1946
2
2
3
2
1 6726
2
2
2
3
1 1070
2
3
1 7326
1 827
2
2
2
2
3
2
3
1 3
2
2
3
2
2
3
2
3
2
3
1 7243
3
2
2
1 9525
3
2
2
2
1 3405
3
2
1 8561
2
3
1 9429
2
1 389
2
2
2
1 1838
2
2
2
1 4846
1 7727
2
1 9151
3
1 7762
1 5561
1 1624
2
3
1 3711
1 7920
2
2
1 2940
1 8266
2
2
1 4771
3
1 7227
3
2
2
1 9624
2
2
3
1 1936
2
3
2
2
1 665
2
3
2
1 436
1 2841
1 146
3
2
1 785
3
2
2
1 6497
1 2562
1 5482
1 433
1 9507
1 4269
2
1 907
1 3322
3
2
1 6272
1 6388
1 146
2
2
3
1 4683
2
1 1180
1 4198
2
1 7624
1 4351
1 7260
2
2
3
2
3
1 9311
3
1 5583
3
2
1 5550
3
2
2
1 776
2
3
2
3
2
2
3
2
3
2
1 899
1 2129
3
1 590
2
1 1646
2
3
1 3470
2
3
2
2
3
2
1 7824
1 1964
2
1 7188
2
2
3
1 8697
1 6627
2
3
2
3
2
2
2
2
2
1 8349
2
2
1 186
3
1 8011
2
2
3
2
2
2
1 459
2
1 3439
3
1 3623
3
1 8136
1 8498
3
2
1 828
1 2917
3
2
1 5378
3
2
1 4755
3
1 3479
1 5289
2
2
3
2
2
2
3
1 2257
1 4409
2
3
2
2
3
2
1 5550
3
1 4827
1 3697
1 9356
3
2
3
2
1 5270
1 8934
2
3
2
2
2
2
1 5958
1 9110
3
1 5589
2
2
1 5805
1 215
3
1 9571
2
3
1 5261
1 8462
2
2
2
2
3
1 1416
2
2
2
3
1 2510
3
1 8156
3
2
3
2
3
1 2300
3
2
1 6991
2
3
1 8568
3
2
2
2
1 3710
1 8626
1 3733
2
3
2
1 4716
3
2
2
2
3
2
3
1 7034
3
1 8028
3
1 5112
3
1 2688
2
2
2
3
2
3
1 9801
1 1895
1 6632
3
1 1177
2
3
1 9096
3
2
1 6661
1 1489
1 3747
2
3
2
1 7235
1 5606
2
3
2
3
2
1 562
2
1 1739
3
2
3
2
3
1 4296
3
2
3
1 9587
1 932
3
2
2
1 6664
1 6645
1 1732
1 3016
3
2
3
1 3026
2
2
2
2
1 9207
2
1 3701
3
1 2375
1 7748
2
3
1 8264
1 7994
1 2632
3
2
3
2
1 9313
2
3
1 5419
1 4763
1 1258
2
2
3
1 2129
1 293
2
1 2194
2
1 458
3
1 8802
3
1 307
2
1 3452
3
1 5503
3
2
1 6685
3
2
1 2552
3
2
3
2
1 352
2
1 3917
3
1 3561
2
1 7559
2
3
2
1 3928
2
2
2
2
3
2
2
3
2
2
2
1 9391
3
2
1 7047
1 7230
1 4435
1 4519
2
3
1 379
2
1 1933
3
2
3
2
1 5791
2
1 8104
2
3
1 4024
3
1 6109
1 8879
2
3
2
3
2
1 1164
1 727
1 7676
2
1 9547
1 672
1 4011
2
3
1 7817
2
3
2
1 7707
3
2
3
2
2
3
2
1 920
3
2
2
2
3
1 6252
3
1 3954
2
2
1 9729
2
3
2
2
1 6487
1 910
1 4936
2
2
2
3
2
3
1 3344
3
2
3
2
3
2
1 8225
1 2854
3
1 2583
2
2
3
1 1756
2
2
2
2
2
2
3
1 3337
2
1 5905
3
2
3
1 7365
2
3
1 311
3
1 578
3
2
2
2
2
3
1 2839
1 7732
2
2
1 5949
1 467
2
2
1 276
3
2
3
1 2570
2
2
1 6830
3
2
3
2
2
2
1 9785
3
2
3
1 8987
3
1 9552
2
3
1 3530
2
2
1 6749
2
1 4826
3
1 944
1 8462
2
2
3
1 6662
2
1 4532
3
2
3
2
2
3
2
1 6605
3
1 2666
3
2
3
1 5068
1 4325
1 4044
2
3
2
2
2
2
3
2
3
2
1 772
2
2
3
2
2
3
1 6656
1 3826
1 6910
3
1 7588
1 9675
2
3
1 5347
1 9600
2
2
2
2
1 9945
3
2
3
1 4217
2
3
2
2
1 172
3
2
3
1 2905
2
3
2
1 2699
3
2
3
2
3
1 6714
1 1843
3
1 5152
3
2
2
3
2
3
1 9426
1 8500
1 4242
1 54
1 8790
2
1 1810
1 8280
2
3
1 7594
3
1 5906
2
2
2
1 1993
1 6035
2
2
2
2
3
2
3
1 8501
3
1 3380
1 9191
3
1 1397
3
1 8549
2
2
1 2626
3
2
1 9956
3
1 2343
2
3
2
3
1 2286
2
2
2
1 7834
3
1 5584
3
1 1843
1 6539
1 5819
1 7356
1 5762
2
3
2
2
2
1 9940
2
1 2226
3
1 4245
1 152
1 637
3
2
3
2
2
2
2
2
2
1 6160
3
2
2
1 5842
1 234
1 3534
1 4361
1 6226
1 469
1 1553
2
3
1 3199
1 5889
1 9210
2
3
1 7418
2
3
2
2
1 7389
1 6750
2
2
2
2
1 5425
3
1 5894
3
2
3
1 2903
3
1 7963
1 1331
3
1 5102
2
3
2
1 2881
1 9788
1 6364
1 9915
3
1 1693
3
1 8847
2
2
2
3
1 2265
1 4511
3
1 4271
2
1 1987
1 8131
3
2
1 6252
1 2543
3
2
2
2
2
3
1 5077
1 7902
1 1992
2
1 6503
1 9089
3
2
3
1 352
2
3
1 7244
3
2
1 7441
3
2
1 2847
1 6159
3
2
1 8144
2
3
2
3
1 766
2
3
2
1 9042
2
1 9150
2
1 2746
1 7589
3
1 8241
2
1 1088
3
2
1 6344
3
1 4467
3
2
3
1 7608
1 4250
3
1 5966
3
2
2
1 4330
2
2
1 6089
1 11
1 4
3
1 3520
3
1 362
2
2
1 466
2
3
1 5777
1 1553
2
3
2
1 7776
3
1 8038
3
1 5931
3
2
1 5839
1 3302
3
2
1 7518
2
3
2
3
2
2
1 4953
3
1 6902
3
2
2
3
2
2
1 4975
2
3
2
1 6120
1 1257
3
1 4998
2
3
1 5710
2
1 208
3
1 6998
2
3
2
3
1 5818
1 2803
1 8395
3
1 4516
2
3
2
3
1 5499
2
1 2272
1 951
2
3
2
2
3
2
3
1 6197
3
1 1437
1 476
2
2
3
1 5986
3
1 6343
3
2
1 4534
1 6687
1 8824
2
2
1 7872
2
2
3
2
2
1 9375
3
2
1 8656
2
1 994
2
2
3
2
1 8467
3
1 4813
1 3982
1 2654
1 4339
1 591
1 4818
3
1 9741
2
2
3
1 213
2
2
2
1 5266
3
1 3227
3
2
1 5313
3
2
2
2
3
2
3
1 1816
1 4050
3
2
3
1 8930
3
2
3
1 6860
2
1 7440
1 1231
2
3
1 1764
2
1 6505
1 683
1 1933
2
1 3749
1 5768
3
2
1 1090
3
1 4722
2
2
2
2
3
1 1822
3
1 9942
1 9643
1 6858
1 2511
1 8891
3
1 7968
3
2
1 1679
2
2
2
1 4419
3
1 5672
2
1 5676
2
1 809
1 713
1 3199
3
2
3
2
3
1 7970
2
3
1 5227
1 154
2
1 4004
1 5782
2
1 106
3
2
2
2
3
1 6478
2
3
2
2
2
1 7680
2
2
3
1 6690
3
2
2
2
3
1 2103
3
2
3
2
2
2
2
2
2
2
2
1 9675
3
1 499
2
1 2655
1 5873
1 9423
2
1 2976
3
2
3
1 1137
1 9858
3
1 8914
1 5456
3
2
2
2
3
1 8868
2
2
3
2
3
1 8277
1 6929
1 5456
1 4373
1 8660
1 5657
1 3803
1 3794
2
3
1 1482
3
2
3
1 7635
1 6921
3
1 8684
3
2
1 8460
3
2
1 7213
3
1 7811
1 590
1 4650
1 4612
3
2
3
2
1 235
2
1 8919
1 9167
1 6364
1 3087
2
1 8290
1 8253
2
1 576
3
1 7519
3
1 233
3
1 5362
2
1 4478
2
3
2
3
1 7764
3
1 6379
3
2
1 4619
3
2
1 9407
1 2493
1 5164
2
3
1 1755
1 7111
3
1 7942
2
1 466
1 1544
2
3
2
2
3
2
1 814
1 1755
2
1 7514
3
2
2
2
1 2626
3
2
2
1 6640
3
2
1 7398
3
2
2
1 4052
1 5416
3
2
3
2
1 5592
3
1 8993
1 1432
2
3
1 2851
2
2
3
2
2
2
1 9100
1 6004
1 4524
1 5352
1 4086
2
3
2
2
3
1 2702
3
2
2
3
1 4176
3
2
2
2
3
2
1 927
2
2
3
2
2
1 5185
2
3
2
1 31
2
3
2
3
2
1 2130
3
2
2
2
3
1 1892
1 6884
3
2
3
1 7202
2
2
2
1 6118
3
1 6149
2
2
1 5878
1 2623
1 3775
3
1 4512
1 8586
2
3
2
2
3
2
1 1062
1 4146
3
2
1 7948
3
2
3
2
2
1 8936
1 633
2
1 8674
3
2
2
3
1 102
2
3
2
3
1 452
2
1 9570
3
2
2
3
1 1437
3
1 6043
3
2
3
1 7894
2
3
1 3994
1 2639
3
2
2
3
2
2
3
2
3
1 5338
2
3
2
3
2
3
2
1 1382
2
1 5343
2
1 5690
3
2
2
1 5104
2
2
1 4757
1 3754
1 8943
1 1759
1 4717
1 3271
2
3
2
1 6933
3
2
3
2
2
2
3
2
2
3
2
1 5930
2
2
1 5660
3
2
2
1 3893
3
1 3516
1 7987
2
2
2
2
3
1 7787
3
1 2988
1 4333
2
3
2
2
2
1 9114
2
1 3154
1 5476
1 5441
2
2
2
2
3
2
1 6127
1 8975
3
1 8315
3
1 7246
2
3
2
3
1 6177
1 9073
1 5142
3
2
3
1 3576
3
2
3
2
2
1 1076
2
3
2
3
1 2081
3
1 5679
2
3
2
2
1 7738
3
1 5744
2
1 717
1 346
2
1 1617
2
3
2
2
1 2804
2
3
2
1 2350
3
2
2
1 5552
1 5910
3
1 5438
3
2
3
1 7610
2
3
1 4674
1 4962
2
1 4338
1 9047
3
2
2
2
3
2
1 9583
2
3
2
2
3
1 9349
3
1 1507
2
3
1 4168
1 1980
3
1 8267
1 3998
1 3765
1 9353
1 8558
1 4587
1 9776
3
2
2
2
1 583
2
3
1 2465
2
2
3
1 9766
3
1 6981
3
1 6216
1 5265
3
1 1911
2
1 9362
1 990
1 9440
3
1 8657
3
1 1873
1 1487
1 994
2
1 7210
2
1 7686
2
1 3929
1 2501
2
1 8216
1 3701
3
2
2
1 7880
1 8545
2
1 534
2
3
1 7266
3
2
1 5351
1 655
1 5432
2
1 5870
3
1 1533
1 5207
2
3
2
1 6738
3
2
2
2
1 9294
1 3255
1 1217
2
2
3
2
1 7665
2
2
3
1 4689
2
1 7533
1 7682
2
1 7366
1 376
1 4772
2
2
2
3
1 9338
2
3
1 7703
2
3
1 4856
2
2
2
2
3
1 5121
1 9008
1 6276
3
2
2
2
2
2
3
1 4663
3
1 4034
3
1 8914
1 1213
1 1840
3
1 4573
3
1 5460
3
1 3756
1 6294
3
1 8199
3
1 5244
3
1 8647
3
1 9376
3
1 4877
3
1 9532
3
1 3711
3
1 8933
3
1 530
1 6293
1 2280
3
1 9243
1 2575
1 2523
3
1 1168
1 1125
1 5468
3
1 6265
3
1 8688
3
1 5570
3
1 462
1 5746
3
1 5467
1 7060
1 6290
1 4898
1 5024
3
1 4996
3
1 5458
1 7529
3
1 8185
1 8652
3
1 2969
1 3529
1 7774
1 9720
3
1 3348
3
1 4370
3
1 1834
3
1 9129
3
1 2310
3
1 2868
1 6120
1 9516
3
1 594
3
1 7647
1 5224
1 7502
1 3130
3
2
3
1 4680
3
2
2
1 8230
1 5112
3
2
1 9122
3
1 6068
3
2
1 4295
2
3
1 402
3
1 3569
3
1 8836
3
1 8329
3
1 1204
3
1 8115
3
1 3473
1 31
1 6750
3
1 8918
3
1 9054
3
1 9052
3
1 8856
3
1 7953
1 3948
3
1 2068
1 2399
1 7296
1 8858
3
1 3378
3
1 6900
1 2953
3
1 2847
1 6531
2
1 836
1 4401
1 6124
3
2
2
3
1 7553
2
3
1 1523
3
1 5024
2
3
1 8176
1 5249
3
1 422
3
2
1 5112
1 8997
3
1 2902
1 8248
3
2
2
3
1 5581
2
3
1 9104
3
2
1 9980
1 6914
2
1 2672
2
2
3
1 8158
3
2
2
2
1 19
1 3157
2
2
1 7461
2
1 2917
1 6427
2
2
3
1 9843
1 2489
1 1125
3
2
3
1 2203
3
2
3
2
3
2
3
2
1 1793
3
2
3
2
2
2
3
1 2189
3
2
3
1 4619
3
1 6822
3
2
1 2257
3
2
3
1 9124
2
2
3
1 4165
3
1 1595
1 8600
3
2
1 745
1 9584
2
3
2
3
2
1 8189
1 2217
3
1 7375
1 877
1 373
2
2
1 7311
2
2
1 6609
1 531
2
1 4100
1 1654
3
1 4768
3
1 7284
1 6907
1 646
3
2
2
3
1 8457
3
2
3
1 3416
3
2
3
1 3530
2
1 2018
2
2
2
2
1 9354
3
2
1 5094
2
3
2
1 9355
3
2
3
1 9201
3
1 7139
2
1 9178
2
2
1 4875
3
1 7629
3
1 3335
3
2
1 3916
1 4512
2
1 4060
2
3
1 8871
3
1 8197
1 9641
1 8615
2
1 6074
2
3
1 558
3
1 1477
1 3201
1 9085
2
2
2
1 332
1 270
2
1 733
3
1 6726
3
1 5747
1 4325
3
1 1763
1 3892
1 6594
3
2
3
1 9204
1 6103
2
3
2
3
1 465
2
2
2
3
2
1 142
2
1 4034
2
1 859
1 3707
2
2
1 6442
3
2
3
2
1 1184
2
2
2
3
1 3069
1 2595
3
2
3
1 8835
3
2
3
1 3724
2
1 9273
2
2
2
2
1 8910
2
2
2
3
2
1 9510
2
3
1 4388
1 290
2
3
1 5358
3
2
1 1198
3
1 2065
2
3
1 6134
2
2
3
1 5153
2
2
2
2
1 6325
3
1 344
3
1 6087
1 5873
1 321
1 3089
2
1 5154
1 9244
3
1 5032
1 8795
3
2
2
1 5583
1 2349
3
1 2693
2
1 9559
1 704
1 9411
2
2
2
1 5459
3
1 4704
3
1 5305
3
2
2
3
2
2
2
2
3
2
1 8659
2
3
1 9087
2
3
1 7080
1 3990
3
2
1 9884
2
1 1869
3
1 2194
2
3
2
1 429
3
1 9782
3
2
3
1 7725
2
1 6256
2
1 247
2
3
1 1229
1 76
3
2
1 5292
3
1 3835
3
2
2
3
2
3
2
3
2
3
1 1632
3
1 6925
3
2
1 3267
3
2
1 9884
2
1 4467
2
2
2
2
1 3090
2
3
2
3
1 4732
3
1 2762
3
1 7414
3
2
3
2
2
1 7769
2
1 8588
1 3437
1 5279
1 1918
2
3
2
3
2
3
2
2
1 776
2
1 999
3
1 1310
1 2853
1 9320
1 3316
1 9573
1 4338
2
2
3
2
1 7103
1 4516
1 2058
3
1 1810
1 9176
1 7551
2
1 5857
1 7183
3
2
2
1 6701
3
2
1 2040
1 3103
2
2
3
2
1 9029
2
1 839
2
1 9242
1 9149
2
3
1 5187
2
3
2
3
1 5293
3
1 3232
3
1 789
2
3
2
2
3
2
1 9346
2
3
2
2
3
2
3
2
2
1 5621
2
3
1 6458
3
2
3
2
3
2
3
2
2
2
3
1 8607
1 1517
1 8588
2
3
1 8652
3
2
3
2
1 1657
1 4612
2
2
2
3
2
1 4612
1 5959
1 2590
3
1 1197
3
2
3
2
1 4215
2
1 3848
3
2
1 6897
1 9992
1 3112
1 1476
1 2862
3
1 5173
1 2007
1 3032
1 3811
2
2
1 4049
2
1 1043
2
1 4069
2
3
2
3
2
2
2
2
2
1 4900
2
1 3126
2
3
1 3489
3
1 8618
2
1 9661
1 8210
3
2
2
3
1 5327
3
2
3
2
3
2
2
2
3
1 6835
1 6482
3
2
3
2
2
1 8741
1 6119
1 572
3
2
2
3
1 7657
3
2
3
2
1 6446
3
1 678
3
1 7410
1 7607
3
2
1 8191
3
2
3
2
3
1 4245
3
1 3886
3
1 7073
3
1 9472
3
1 3437
3
1 9169
3
1 5846
3
1 1670
3
1 7742
1 2421
1 2950
1 6923
1 6618
1 4948
3
1 3191
1 8101
3
1 9792
1 2388
3
1 6346
1 9296
3
1 1514
3
1 3221
3
1 2777
3
1 8612
1 4686
1 3800
3
1 8750
3
1 5741
1 7702
3
1 5323
1 3420
1 4907
1 8605
3
1 8887
1 5064
1 3861
3
1 7395
3
1 9804
1 7083
3
1 3658
1 322
3
1 9842
3
1 1986
3
1 483
1 7501
1 7570
3
1 9024
3
1 4103
3
1 6479
1 6455
1 3085
1 759
1 6912
1 2789
3
1 9251
1 7233
1 6833
1 2387
1 9293
1 1786
3
1 6520
1 9579
3
1 4621
3
1 1604
3
1 8980
1 6664
3
1 9699
3
1 7011
1 9689
1 4889
3
1 7918
1 8062
1 9931
3
1 1271
3
1 2391
3
1 3320
1 8498
1 3409
3
1 9240
1 526
1 1089
3
1 7621
1 4304
1 6196
1 6049
1 1193
1 7259
3
1 5708
3
1 6148
1 3590
3
1 1601
1 9816
1 199
3
1 9166
1 2101
3
1 7836
3
1 704
1 6020
3
1 7273
3
1 3441
1 8583
3
1 9956
1 7092
3
1 9621
3
1 9658
1 5976
1 9787
3
1 4790
3
1 9511
3
1 9599
3
1 9615
1 2205
3
1 1781
1 532
3
1 399
1 1541
1 6525
1 2695
1 8699
1 7413
1 3751
3
1 6173
3
1 6123
3
1 5758
1 6702
1 7850
3
1 1706
3
1 4273
3
1 5524
1 1553
1 7337
1 7124
3
1 8815
3
1 2871
1 4698
1 5271
3
1 9020
3
1 7839
1 3919
3
1 571
3
1 3813
1 9097
1 6328
1 1473
1 1892
1 8941
1 3869
1 1709
3
1 8236
3
1 7170
1 3495
1 1487
1 5894
3
1 9613
3
1 2762
3
1 8901
1 7275
3
1 1258
1 1930
1 6651
1 8249
3
1 7419
1 4837
1 6710
1 7565
3
1 7518
1 9449
3
1 7344
1 5393
1 7987
1 687
1 8885
1 1948
1 8837
3
1 9692
1 1261
1 4016
3
1 975
1 6437
3
1 4575
3
1 9175
1 672
3
1 3723
3
1 8304
3
1 2321
1 4671
3
1 770
1 3574
1 2511
1 8607
1 2817
3
1 2469
1 7024
1 1780
3
1 151
1 6736
1 3722
1 7502
1 167
3
1 7144
1 7699
1 199
1 3474
3
1 5219
3
1 3635
1 6359
3
1 8579
1 15
1 2931
1 3490
3
1 7020
3
1 3076
3
1 6285
3
1 6198
3
1 2565
3
1 6247
1 3080
3
1 1841
3
1 9401
1 161
3
1 4388
1 2500
1 8394
1 6210
1 6918
1 2757
3
1 9963
1 6411
1 6381
3
1 7164
3
1 5367
3
1 2548
3
1 6870
3
1 7203
3
1 5384
3
1 7602
3
1 7101
1 2302
1 3227
3
1 3686
1 9410
1 3006
3
1 7776
3
1 5665
1 5223
1 4715
3
1 8271
1 5587
1 8593
1 4166
3
1 1151
1 9039
1 5119
1 9834
1 6192
3
1 9720
3
1 3180
3
1 3843
1 1531
1 7384
3
1 7614
3
1 1820
3
1 8186
3
1 6263
3
1 5102
1 68
3
1 3804
3
1 2659
3
1 6902
1 4173
1 5750
1 8364
1 4007
1 3826
3
1 8368
1 6958
3
1 5510
3
1 1524
3
1 4302
1 4817
1 6056
1 6234
1 5797
1 131
1 8311
1 1089
3
1 3382
1 4511
1 7758
1 5660
3
1 7951
1 1905
1 7110
1 6196
3
1 9637
1 7543
1 8127
1 2363
3
1 4694
1 4391
3
1 3497
1 257
1 8208
3
1 3763
1 9509
3
1 4203
3
1 5132
3
1 2471
1 9950
1 3858
1 7726
1 4763
1 8907
3
1 535
1 4188
3
1 8674
3
1 4452
1 4662
1 5638
3
1 9918
3
1 8713
1 3022
1 9608
1 9341
1 2096
3
1 1357
1 6850
1 926
1 4753
3
1 6755
1 830
3
1 3576
1 1976
1 1511
1 4612
1 2513
3
1 4257
1 6816
3
1 8700
3
1 6015
1 5332
3
1 4711
1 5089
3
1 7136
3
1 8191
1 361
1 3793
3
1 7221
1 4687
1 9671
3
1 9751
3
1 5409
3
1 994
1 4601
1 1161
3
1 2553
1 6548
3
1 2467
1 483
3
1 2633
3
1 801
3
1 2795
1 7296
3
1 3089
3
1 9939
1 5038
1 7458
1 421
3
1 2252
1 9381
1 858
3
1 915
3
1 509
1 6734
1 6132
3
1 3107
1 2830
1 6719
1 1405
1 1770
1 9689
1 4469
1 4150
3
1 7178
1 3288
3
1 2884
1 413
3
1 9200
1 4703
1 3418
3
1 4555
1 5057
3
1 5105
1 8393
1 7632
1 7933
1 687
2
3
2
2
3
1 89
1 6231
3
1 5116
1 853
3
1 4451
1 1814
1 150
2
1 8853
3
2
3
1 9824
1 7592
1 8740
3
2
1 8524
3
2
3
1 7722
3
1 3262
3
2
1 561
2
3
1 3947
3
1 1727
3
2
2
3
2
3
1 3406
1 1170
1 4226
1 9413
1 799
1 7340
2
2
1 9634
2
2
3
2
2
3
2
3
2
3
2
1 8674
1 9686
3
2
3
2
1 4648
1 6976
3
2
1 6735
1 1513
1 7513
2
3
1 4574
3
1 5797
3
1 2896
3
1 194
3
1 5579
1 1303
2
3
1 9919
3
1 8058
1 9254
1 2332
1 8585
1 6850
3
2
2
2
2
1 9399
3
1 2161
1 2903
2
3
1 7479
2
2
3
1 4088
1 183
1 7098
2
3
1 7473
2
2
3
1 2241
1 9230
1 5352
1 2468
1 1524
3
2
1 8733
2
1 6583
2
2
2
1 8946
3
1 6361
2
2
1 7965
3
2
3
2
1 1574
3
2
3
2
2
2
3
2
3
2
3
1 8253
2
2
3
1 7629
3
1 7169
2
1 6275
3
2
3
1 2033
3
2
3
1 6230
2
3
1 1949
1 7240
3
2
3
2
1 1330
2
1 2724
1 8158
2
3
1 9600
1 1549
1 1296
3
1 2089
3
1 1417
1 4112
1 1730
3
1 1822
3
1 5730
1 4194
3
1 8839
3
1 8413
1 6215
3
1 4423
1 6885
2
2
2
3
1 2255
1 2120
3
2
3
1 6611
1 7275
1 4501
1 6286
3
1 8485
1 655
3
1 9432
1 4137
3
1 5557
1 5221
3
1 5796
3
1 7244
1 5644
1 4441
1 7060
3
1 7716
3
1 332
3
2
1 8047
1 4102
3
2
1 9198
1 7753
1 9688
3
2
2
2
2
3
1 9579
3
1 3951
3
1 918
1 1928
2
3
2
3
1 4327
3
2
1 5443
1 8862
1 7494
1 1150
1 1820
3
1 6351
1 6863
2
3
1 6473
1 652
3
2
1 2889
2
1 8113
3
1 3025
1 6037
1 4843
1 4030
2
2
2
3
2
2
3
2
3
1 5346
2
1 546
1 5381
3
2
3
2
3
2
1 7463
3
2
1 7111
1 1687
1 7217
2
3
2
2
1 1922
3
1 1961
3
1 3778
2
1 3949
1 2782
1 5104
1 8336
2
3
1 1721
1 4213
3
2
1 5757
1 3164
3
2
3
1 7177
2
1 1126
2
1 630
1 1085
1 8636
2
1 1890
1 5507
1 6443
3
2
1 7050
3
2
3
1 1458
1 4026
1 3525
1 6270
3
2
3
1 619
2
2
3
2
1 1967
2
3
2
2
3
1 5162
2
3
1 8122
2
1 1017
3
1 8550
2
1 5599
1 8616
1 5848
3
2
3
1 7565
2
3
1 6436
3
1 1292
1 2475
1 8706
1 8772
3
1 5262
2
2
3
2
2
3
2
3
1 4050
2
3
2
3
1 7978
1 3683
2
2
1 3468
1 3987
1 8298
2
2
2
1 8748
1 4539
2
1 303
1 6348
3
2
2
3
2
1 4206
2
3
2
3
2
3
1 5911
2
3
1 1694
2
2
2
1 8858
2
1 2428
2
3
1 9176
1 3423
1 4569
2
2
1 5410
2
3
1 8698
2
3
2
1 9470
3
2
2
2
1 7651
2
2
3
2
2
1 8425
1 9410
3
1 6599
2
2
3
2
2
1 71
1 7343
3
2
2
3
1 2160
1 8590
2
2
1 8821
2
3
1 3399
2
1 6280
2
3
2
3
1 7670
1 8233
2
3
1 8180
2
2
1 1027
1 152
3
1 5325
1 4544
1 5195
1 3409
3
2
3
2
2
1 9780
2
2
1 530
3
1 6325
2
2
1 7384
1 5931
1 1497
1 7736
3
1 2031
2
3
1 3637
1 4229
1 1920
1 8232
1 3924
1 7363
1 8705
3
1 3745
2
1 6028
3
2
1 9431
3
1 3527
2
1 7915
2
1 2144
2
1 280
2
2
3
1 4374
1 6470
1 5481
3
1 9523
1 6893
2
1 1527
2
1 9962
3
2
1 6451
3
2
2
2
2
1 1919
1 3746
1 6269
1 6154
2
3
2
1 3926
3
2
3
1 2673
2
1 8987
2
2
3
2
3
1 278
2
2
1 4491
3
2
1 9141
1 4149
2
3
1 7470
3
2
3
1 8678
3
2
3
1 6344
2
1 6758
3
1 2058
1 6499
2
1 4733
2
3
2
3
1 9914
3
1 8464
3
1 3389
1 3065
2
2
1 1876
1 8822
1 4179
2
2
1 1643
2
3
2
3
2
1 554
2
1 6821
2
1 8726
1 9321
3
1 6112
2
2
2
3
2
2
2
3
1 2067
1 4521
3
1 6912
2
2
1 7106
1 5849
3
2
2
3
2
2
1 5195
1 9494
2
3
1 4291
1 3679
3
2
2
1 8074
1 8626
3
2
3
2
1 29
2
2
1 7457
2
3
1 1331
3
1 7178
1 4932
3
2
1 2670
2
2
1 4637
1 2929
3
1 8249
1 616
2
1 8073
2
1 1895
3
1 2506
2
2
1 2637
1 5749
3
2
3
2
1 3004
2
3
1 638
2
1 2476
2
3
1 4606
1 1282
1 7664
3
1 9226
3
2
3
2
1 7551
1 3921
3
1 3657
3
2
1 5729
2
1 3961
1 3203
1 8491
2
2
2
2
1 6864
1 8801
1 1603
1 6785
1 8073
1 4784
2
1 4793
2
1 5360
2
2
1 3555
2
1 3110
3
2
2
1 5011
3
2
1 2230
2
2
3
2
3
1 2432
3
1 270
2
3
2
3
2
1 9821
2
3
1 9593
3
1 9825
3
1 6929
1 8636
1 664
2
3
2
1 3926
2
3
1 3459
1 2820
2
1 9395
3
1 8576
2
3
2
2
3
2
2
1 9256
1 6690
3
2
1 200
2
2
1 5684
2
1 260
2
3
2
3
2
2
1 2311
1 2341
2
2
3
2
1 5056
2
3
2
2
1 2047
3
1 8089
1 3700
3
1 9977
1 7740
1 4754
3
1 8862
3
2
3
2
2
2
2
1 3044
3
2
1 8973
3
2
1 4237
2
1 4746
3
2
1 4683
1 5091
1 9155
1 4756
2
3
1 380
3
1 8089
2
3
2
3
2
3
1 6460
2
3
2
2
1 2750
3
1 4222
3
2
3
1 7696
1 7871
2
1 7479
1 4191
3
2
3
2
3
2
1 5654
3
2
1 6451
2
1 1487
1 7096
3
1 4756
1 2835
1 6109
1 6459
1 3129
2
3
2
2
2
2
3
1 6574
1 108
3
1 2516
2
3
2
3
2
2
1 5666
3
1 3074
3
1 1814
3
2
2
1 2709
3
2
3
2
2
3
1 274
3
1 4983
3
1 1082
1 4654
3
2
1 7933
1 2371
2
2
2
2
3
1 380
2
1 7782
3
2
1 54
1 8881
3
1 3864
2
1 1298
3
2
1 6119
2
2
2
2
1 8891
1 4083
1 6979
1 2933
2
3
1 9002
1 5797
2
3
1 5919
1 2163
3
1 8787
2
2
1 3480
1 1155
1 4496
1 5417
3
2
1 6279
2
1 5408
3
2
2
2
3
2
2
1 5596
2
2
2
3
1 1993
3
2
1 1846
3
1 5585
2
1 1332
1 6676
1 7285
2
3
2
3
2
3
2
2
2
1 4362
1 4333
1 5285
1 3573
2
2
3
1 1223
2
3
2
1 1795
2
1 780
1 7765
3
1 7818
2
2
1 9116
3
2
1 5915
2
1 7053
1 3387
3
1 2254
2
1 2454
2
1 1034
2
2
2
3
2
3
1 9629
2
3
2
1 1710
1 848
1 3833
3
1 691
3
1 9298
1 7344
3
2
2
3
1 8171
2
3
1 8173
1 4749
3
1 7315
3
1 8176
3
1 614
2
2
1 9286
3
2
3
1 7633
1 3277
1 5365
2
2
2
2
1 5532
2
2
2
3
2
2
3
2
2
1 5895
2
3
2
1 9243
2
1 1739
2
1 1368
2
1 9171
1 5089
2
3
1 2420
3
1 1417
2
3
2
3
2
3
2
1 3922
1 8291
2
1 6989
2
2
3
1 5127
3
1 2911
2
3
1 7278
3
1 7980
2
2
2
3
2
3
2
1 6235
3
2
3
2
1 9371
2
3
1 9704
3
2
1 9390
3
1 4706
3
2
2
3
2
2
2
1 6337
2
3
2
1 6116
3
1 5488
2
2
3
2
1 6058
3
1 8882
1 634
3
2
2
3
1 4351
1 2542
2
1 1049
1 197
2
1 8371
1 123
3
2
3
1 8578
3
2
1 3690
2
1 6447
1 7517
2
3
2
1 9313
2
2
1 4082
3
2
2
3
1 9431
1 4684
3
2
2
1 7034
2
2
3
1 1732
2
1 7397
3
1 1606
1 8609
3
2
2
3
2
2
1 6300
3
2
3
1 9051
3
2
3
1 6975
3
1 7305
3
2
3
1 5696
1 1369
1 7181
1 6211
1 1165
3
2
2
3
1 7871
2
1 7449
1 5433
3
2
1 2596
2
2
1 5760
2
3
2
3
1 7794
3
1 8959
3
1 1064
3
2
3
1 8604
2
1 4037
1 8589
3
1 4219
2
2
1 426
1 4737
3
1 6675
2
3
2
1 8972
2
2
3
2
3
2
2
3
1 8681
1 4277
2
1 2225
3
1 1614
3
2
3
2
2
1 798
1 9802
3
1 5135
2
3
1 7606
2
2
3
2
3
2
3
1 4872
3
1 8205
3
1 3446
3
2
2
2
1 1683
2
1 6818
3
2
2
1 251
1 5983
3
1 4916
3
1 6140
3
1 9089
2
2
3
1 518
3
1 7512
3
2
3
2
1 3635
3
2
3
1 3090
3
2
1 4672
1 6931
1 3717
2
1 138
2
2
2
1 6136
3
2
1 4277
2
2
2
3
2
1 2935
2
1 6015
2
1 400
3
2
2
1 4365
1 3463
3
1 4584
1 3658
1 5145
1 2894
1 7485
3
1 7261
3
2
3
1 9092
1 9742
3
1 1394
1 8469
1 9986
1 3186
1 6001
3
1 1048
1 9620
3
1 6500
1 7539
3
2
2
3
2
2
3
2
2
3
1 6357
1 5972
3
2
3
2
3
1 7089
1 2486
3
2
2
1 9104
2
3
2
1 6271
1 7784
1 5093
3
2
2
3
2
2
2
1 5869
2
2
2
3
2
2
2
3
1 7936
1 6282
3
2
3
2
2
3
2
2
3
1 6973
1 7262
2
3
2
2
2
1 2204
1 4787
1 8841
2
3
2
2
3
1 5217
1 1994
3
2
1 6437
1 4418
3
2
2
3
2
1 178
3
2
2
3
2
2
3
2
3
1 75
1 7228
3
2
1 4465
2
1 6222
3
2
1 8919
3
1 4184
2
1 9032
1 5072
2
1 1380
2
3
1 7562
1 195
2
3
1 54
3
2
1 4128
1 575
1 8658
1 8496
1 1701
3
2
3
2
3
1 3918
1 8181
3
2
1 4391
2
3
1 2440
1 3072
1 3277
1 2319
1 9586
3
2
1 9848
2
2
2
3
1 2232
3
2
2
1 63
1 5626
2
1 9717
1 9375
1 2784
2
2
1 3644
3
1 6934
3
1 9033
3
1 3226
3
1 5250
3
1 5313
3
2
1 5134
1 6249
1 2322
1 9865
2
1 3510
1 9113
1 6561
3
1 5925
3
2
2
1 6402
1 7917
1 5567
2
3
1 160
1 7217
3
1 2014
1 7943
2
2
3
1 6349
1 6584
1 431
1 611
2
2
1 6362
2
1 4367
3
1 3713
3
2
3
2
1 524
3
2
3
1 2063
2
1 2494
2
2
1 9747
2
3
2
1 7440
2
1 7505
2
3
2
2
2
2
3
1 3450
1 3345
2
1 2425
2
3
1 1821
2
2
1 7636
3
1 3446
3
1 7238
2
1 4743
1 8920
1 308
3
2
3
1 391
3
1 1538
2
3
1 9777
3
1 728
1 2787
1 3137
3
1 8409
1 7673
3
2
2
3
1 1733
3
2
2
2
1 9085
2
1 693
3
1 1280
3
1 769
3
2
2
3
1 8142
2
1 3415
2
1 5430
2
2
3
1 2375
2
3
1 871
2
2
2
2
1 9139
1 8614
2
3
1 4074
2
1 2217
2
3
1 3766
2
2
1 4168
1 7717
3
1 9941
2
2
2
3
1 704
1 2856
3
1 3623
2
2
2
1 5491
2
1 4633
2
2
2
3
1 4686
2
2
1 9234
3
2
2
3
2
2
3
2
3
2
1 7892
2
3
2
2
1 3517
1 1619
1 6049
2
2
3
1 7333
3
1 5907
2
3
1 7145
2
2
1 6841
2
1 7828
3
2
1 4279
1 5519
2
3
1 1729
1 9123
2
3
2
1 9143
2
1 3482
2
1 627
3
1 6833
2
1 4661
1 1337
2
2
1 7285
1 1275
2
3
1 5879
2
3
1 8056
1 9432
2
1 2915
3
2
3
2
3
2
1 4472
3
2
3
2
1 6708
1 2226
2
2
2
1 5154
3
2
1 6893
3
1 4143
1 1617
2
3
2
3
2
2
1 3055
1 2635
1 5907
1 4099
3
2
1 6687
2
3
2
3
2
1 2586
2
1 7261
3
2
1 4711
1 5847
3
2
3
1 5558
1 8144
1 1406
3
2
3
2
3
1 4161
3
2
2
1 1469
3
1 8971
1 3070
1 1502
3
2
1 7658
2
1 3157
2
2
1 853
3
2
3
1 7835
2
2
3
2
3
1 3374
3
2
2
3
1 7397
3
2
2
1 6659
1 6936
3
1 5335
1 3975
2
2
1 6413
2
2
3
1 3024
2
2
3
2
3
2
3
2
1 8848
2
3
1 1120
1 128
1 2277
1 6987
1 4802
1 6305
1 1447
2
3
1 1095
3
2
3
1 1733
2
1 2936
2
2
2
3
2
1 8049
3
1 6678
3
2
1 6466
2
1 386
1 3175
3
1 622
3
2
3
2
1 3917
3
2
1 3076
3
1 3725
2
3
2
3
2
3
2
1 5934
3
2
1 4516
1 4968
2
2
2
3
2
3
2
2
1 9609
3
2
1 7621
1 7226
3
2
2
2
2
1 3087
2
1 6905
2
1 1873
1 9955
3
1 5482
3
2
2
3
1 8666
1 4120
3
1 6529
2
3
1 4428
2
3
2
3
1 818
3
2
1 2101
1 7363
2
3
1 4602
2
2
1 6821
2
1 4575
1 3560
1 5363
2
3
1 4080
3
1 4943
2
2
1 2063
3
2
2
1 5776
1 9135
2
1 9410
1 8296
2
3
2
3
1 4741
2
1 813
3
1 7563
3
2
1 6751
3
1 3865
3
2
2
1 5526
2
2
2
2
3
2
1 3264
2
1 1804
3
1 4425
3
2
2
2
3
2
3
1 1551
2
3
2
1 6763
2
3
1 5037
1 7108
3
2
1 8257
1 9690
2
3
1 5476
2
3
1 1485
2
3
1 366
2
2
2
2
2
2
2
3
2
2
3
1 9821
2
2
1 2192
2
2
1 1358
1 4545
1 6150
2
2
1 5266
1 9614
1 4075
2
2
1 1818
1 1605
1 6995
2
1 3168
1 6327
2
3
2
1 1841
1 8542
2
2
1 8810
3
2
3
1 3556
3
1 7537
1 4568
3
1 6174
1 2185
2
2
3
2
1 6312
2
1 2048
2
1 6942
1 4941
1 2262
3
1 9042
1 1837
3
1 9374
1 2990
2
2
2
3
1 4686
1 9118
3
2
1 3459
1 6728
1 3477
2
3
2
1 2281
2
1 443
2
1 5217
1 6060
2
3
1 3724
2
2
1 7856
2
3
1 2305
1 2449
3
2
1 2316
1 4468
1 6324
1 9878
2
2
2
3
2
1 9273
2
1 5508
3
2
2
3
2
1 4469
1 1156
1 8978
3
2
3
2
1 2891
1 6049
3
2
2
3
2
1 3931
3
2
2
3
1 3885
2
2
3
2
1 9706
2
3
2
2
1 7441
3
1 5782
3
1 8287
2
1 4971
3
1 927
1 8169
3
2
2
2
2
1 2633
2
2
3
2
1 5058
2
2
2
1 1172
2
1 1727
1 415
2
1 9493
1 6474
2
1 1807
3
2
3
2
3
1 1269
3
1 8885
3
1 3943
1 6495
2
2
3
1 477
3
1 892
2
2
3
2
1 1426
2
3
2
2
2
3
2
1 8901
2
1 4138
1 2449
3
2
3
1 9890
2
2
3
2
3
1 7022
2
1 3365
3
2
3
2
3
2
2
2
3
2
2
2
3
2
2
2
2
1 5873
3
2
3
1 7058
3
1 3981
1 5288
3
1 9842
3
1 5475
3
1 5237
1 2295
1 9261
1 8418
3
1 3953
3
1 2188
1 619
3
1 2672
1 8774
3
1 5458
3
1 6317
3
1 4027
1 6160
1 6958
3
1 6817
1 2294
1 8555
3
1 812
1 2623
1 6130
1 7811
1 7528
1 639
1 2145
3
1 8305
1 856
1 2810
3
2
3
1 9437
2
1 9023
2
3
1 7556
1 7159
1 8421
3
1 2950
3
1 7616
1 1435
2
2
1 207
1 6396
2
1 3097
2
2
3
2
2
2
3
1 9419
2
1 3955
2
2
3
1 7350
1 4454
1 7205
1 4240
1 2612
2
1 8609
2
3
1 8348
1 148
3
1 2934
2
3
1 6200
3
1 4595
1 4060
3
2
2
3
1 137
3
1 7506
3
1 1593
3
1 9281
1 8018
1 2258
3
1 7150
1 1008
3
1 4464
1 3192
1 3419
3
1 1857
3
1 7342
3
1 824
1 3224
1 6685
1 5091
3
1 7539
3
1 8273
1 5064
3
1 6944
3
1 3834
3
1 2625
3
1 6517
3
1 9207
3
1 9338
3
1 1334
3
1 4164
1 670
1 806
3
1 7086
3
1 1526
3
1 3211
3
1 9830
1 5981
1 870
3
1 4384
3
1 136
1 5986
1 3458
3
1 2218
3
1 2142
3
1 2028
1 249
1 2652
1 2788
3
1 1258
1 2051
3
1 9558
1 4782
3
1 771
3
1 3712
3
1 5065
3
1 8786
3
1 5621
1 3707
1 7293
1 0
1 1662
1 5924
3
1 7236
1 3595
3
1 6472
3
1 1334
1 2020
1 2079
3
1 220
1 3752
3
1 2586
1 578
1 2259
3
1 1143
1 9615
3
1 7754
1 3459
1 7271
1 120
3
1 5957
3
1 7099
1 8830
1 4546
1 8453
3
1 9129
1 397
1 7675
3
1 2593
3
1 2246
1 5698
3
1 4809
3
1 5775
3
1 3635
3
1 4152
1 9588
3
1 5763
1 4476
3
1 8998
3
1 5986
1 950
3
1 4020
1 2610
3
1 5522
1 5972
1 5844
3
1 3798
1 2725
3
1 5507
1 4859
1 228
3
1 5696
1 5469
1 3145
3
1 386
1 5585
3
1 9684
1 4819
3
1 3260
1 2473
1 4355
1 1583
3
1 3075
1 2002
3
1 1687
1 6755
3
1 1263
3
1 234
1 4589
1 4852
3
1 9057
1 1244
3
1 9253
1 9636
1 4010
3
1 1444
3
1 2385
3
1 7342
1 1724
1 4227
3
1 1380
3
1 4698
1 2789
3
1 3277
1 5725
1 9827
1 1063
3
1 4530
1 9178
3
1 7676
1 9996
3
1 6610
3
1 9545
3
1 6066
3
1 7505
3
1 8605
1 4126
3
1 6982
1 2457
3
1 44
1 731
1 4218
1 9473
3
1 5686
3
1 980
3
1 2684
1 1142
3
1 7515
3
1 9075
1 4761
3
1 5689
1 7017
1 9702
1 5380
3
1 7493
1 3931
1 1802
1 8227
3
1 4729
1 8320
1 2029
1 6172
3
1 8366
3
1 3746
3
1 4179
3
1 9109
1 4500
1 4623
3
1 6190
3
1 6534
1 1223
1 6475
3
1 9291
3
1 9133
1 5932
3
1 9415
3
1 4979
3
1 736
1 8506
1 3151
1 8636
1 4253
1 7016
1 7492
3
1 2560
3
1 8864
1 7498
3
1 369
3
1 5326
3
1 7011
3
1 9217
1 7416
3
1 5540
3
1 1556
3
1 1261
1 9696
1 621
1 5195
1 3553
1 3495
1 6177
3
1 2816
3
1 8300
1 5254
1 1759
3
1 2388
1 2535
3
1 8363
3
1 3142
3
1 3144
3
1 8304
3
1 5422
3
1 6905
3
1 2312
3
1 8487
3
1 4827
3
1 5227
1 7545
1 221
1 5109
1 3641
3
1 2443
1 6519
3
1 1202
1 4882
1 9277
1 9879
3
1 9354
1 3428
3
1 5844
1 5775
3
1 8627
3
1 9861
1 9188
3
1 8849
3
1 1351
3
1 4011
3
1 869
3
1 8737
1 4061
3
1 169
1 7878
3
1 9694
3
1 8390
3
1 9259
1 5524
1 6028
1 6441
3
1 3366
3
1 2439
1 8122
1 7816
1 7917
3
1 2752
1 5747
3
1 4015
1 5433
1 1460
1 3625
1 4296
1 8464
1 6237
1 1840
3
1 256
3
1 3623
3
1 3003
1 9380
1 1091
3
1 5658
3
1 4126
1 9372
1 2176
3
1 1330
3
1 3061
3
1 6121
3
1 6746
1 5971
3
1 8438
3
1 2172
3
1 2595
1 6263
1 3757
3
1 5491
3
1 4779
3
1 7402
3
1 5400
3
1 4943
1 743
3
1 3359
3
1 7431
1 5091
3
1 3318
3
1 8052
1 9804
1 2753
1 4317
1 2992
1 4166
1 4503
3
1 2950
3
1 9070
3
1 8015
3
1 3770
1 6875
3
1 6882
3
1 8177
1 7397
1 2819
3
1 3882
1 1497
1 545
3
1 6208
3
1 7617
3
1 2843
1 9968
3
1 9218
3
1 5101
3
1 9723
1 4050
1 9861
3
1 2962
1 77
3
1 2361
3
1 436
3
1 8896
3
1 9207
3
1 437
1 8178
1 3794
1 104
3
1 5997
1 2239
3
1 9761
3
1 7690
1 4339
1 1724
1 8180
3
1 7598
1 9938
1 1117
3
1 3982
3
1 1312
1 7601
1 6389
1 7227
3
1 3902
1 2086
1 5244
1 2603
3
1 2140
3
1 7941
3
1 9890
1 6431
3
1 3274
3
1 4278
3
1 7901
3
1 8913
3
1 9193
1 3098
1 2352
3
1 2178
1 4031
1 5101
3
1 2818
3
1 8432
1 4738
3
1 8444
3
1 3295
1 2687
1 5886
1 6347
3
1 5506
3
1 9060
3
1 4647
3
1 1861
1 5915
3
1 7824
3
1 7748
3
1 5271
1 3088
3
1 3892
1 9966
3
1 5480
3
1 2961
1 3224
3
1 3996
3
1 5466
1 1391
1 9803
3
1 6629
1 5398
1 9039
3
1 9025
1 8340
1 2336
1 3050
3
1 1179
1 4906
3
1 8116
3
1 4154
1 503
3
1 5082
3
1 2906
1 9543
1 2450
1 6604
1 2976
1 6002
1 8632
3
1 3714
1 3117
1 367
3
1 642
1 125
1 9150
3
1 7629
3
1 9651
3
1 9696
3
1 6880
3
1 8534
1 5712
3
1 6354
3
1 2623
3
1 6451
1 6434
3
1 83
3
1 432
1 8633
3
1 3571
3
1 9815
1 1784
3
1 606
3
1 2927
1 4139
3
1 4146
1 931
1 9158
3
1 9081
1 6418
3
1 5438
3
1 6926
1 3907
1 8185
3
1 6433
1 8440
3
1 269
1 5469
1 512
3
1 4825
3
1 1721
1 5941
1 2891
1 4406
1 8944
1 9959
1 6163
1 5473
3
1 6180
1 764
3
1 7738
1 7002
3
1 5991
3
1 8029
3
1 2525
1 1957
3
1 6280
3
1 6312
3
1 6957
1 3990
1 6550
1 4434
3
1 8797
3
1 6214
1 6543
1 8407
1 3994
1 5979
1 3508
1 5584
1 7029
3
1 2855
1 8673
1 7180
3
1 4390
3
1 2069
1 627
3
1 3811
3
1 6895
1 4862
1 1253
1 7700
1 4772
3
1 3351
1 9287
1 8295
1 1157
1 1147
3
1 4518
1 1769
1 9374
3
1 3898
3
1 9708
1 8995
3
1 2102
1 8181
3
1 1469
3
1 3238
3
1 8239
1 24
3
1 7864
3
1 8353
1 2737
1 3231
1 7953
1 5275
1 8997
1 7470
1 1256
3
1 4516
3
1 6923
3
1 154
3
1 4420
3
1 9908
3
1 5100
3
1 5548
1 165
1 465
3
1 4405
1 2904
1 7469
1 6926
1 7832
3
1 1179
3
1 2631
1 6263
3
1 6957
3
1 8315
3
1 1223
1 9492
3
1 3458
3
1 9567
3
1 3085
1 5936
1 4306
1 1519
1 5044
1 357
3
1 4241
1 5200
1 2418
3
1 4783
3
1 7308
1 5143
3
1 2608
1 9277
1 138
3
1 6543
1 7082
3
1 8856
3
1 1335
3
1 8142
1 6584
1 2532
3
1 2903
3
1 677
1 3223
1 5658
1 8970
3
1 8982
3
1 2173
1 321
3
1 9984
3
1 7514
3
1 556
1 3978
1 874
3
1 3704
3
1 918
3
1 1198
3
1 5374
3
1 3393
3
1 179
1 8810
1 5457
3
1 337
3
1 7583
3
1 4091
3
1 6554
1 5927
3
1 5653
3
1 4860
1 5434
3
1 2358
1 874
1 8093
1 5456
3
1 3465
3
1 4677
1 4944
3
1 2837
1 2702
1 1583
3
1 431
1 462
1 1713
3
1 9414
1 7232
3
1 1490
3
1 1995
1 2477
3
1 412
3
1 5757
3
1 3822
1 3778
1 8659
1 1186
1 1016
3
1 114
1 7935
3
1 3003
1 4650
3
1 6147
3
1 6826
1 399
3
1 5950
3
1 7555
3
1 7599
1 5848
3
1 1635
1 694
3
1 5928
1 9945
3
1 8661
3
1 2433
3
1 6105
3
1 5678
3
1 3198
3
1 8549
1 3389
1 1702
1 2541
3
1 640
3
1 4119
3
1 85
3
1 5931
1 8269
3
1 8412
1 3313
3
1 5053
3
1 1559
3
1 5803
3
1 8283
3
1 9571
1 671
1 2159
1 7002
1 3314
1 9268
3
1 4050
3
1 8829
3
1 4448
3
1 4701
1 224
1 7646
1 3091
3
1 9503
1 1006
1 5454
3
1 275
1 5123
3
1 9359
3
1 9810
3
1 6398
3
1 8212
3
1 9386
3
1 7899
3
1 9875
3
1 4698
1 5858
1 684
1 1205
3
1 22
1 2974
3
1 7227
1 7973
3
1 8859
1 344
3
1 2030
3
1 9587
3
1 9060
1 2970
1 5572
1 6150
1 8557
1 9975
3
1 7312
3
1 6369
1 7507
3
1 5157
1 9777
3
1 6940
1 1880
1 4010
1 6614
1 5776
1 5650
3
1 8513
3
1 8504
1 3091
1 8620
1 1300
1 9428
3
1 5736
1 6292
3
1 3353
3
1 8941
3
1 884
3
1 3557
3
1 9533
3
1 4632
3
1 9207
1 2322
3
1 1506
3
1 1717
1 2766
1 8537
3
1 533
3
1 3892
3
1 6138
1 1028
1 1447
1 3854
3
1 5307
3
1 557
1 7972
3
1 6373
3
1 8940
3
1 6710
3
1 2026
1 8992
1 4543
3
1 5791
3
1 2970
1 8263
3
1 1861
1 9324
1 9177
1 8126
1 7118
3
1 8982
3
1 690
3
1 7139
3
1 750
1 3364
3
1 4618
3
1 9096
3
1 1939
3
1 3144
1 7087
3
1 7280
1 6274
3
1 8476
1 8101
1 7456
1 3172
3
1 4950
1 8056
1 9919
1 6394
3
1 1913
3
1 8820
1 6396
3
1 2854
3
1 2803
1 4806
1 5064
3
1 5734
1 8482
3
1 6625
3
1 3428
1 9960
1 7199
1 3922
1 5338
1 1044
3
1 845
3
1 7813
3
1 8363
1 7667
3
1 8045
1 2168
3
1 2529
1 1490
1 2371
1 6536
3
1 5431
3
1 1142
3
1 3273
3
1 4580
3
1 9318
3
1 6978
3
1 1508
1 3355
1 2600
1 934
3
1 5239
3
1 5739
1 520
1 8226
1 1097
1 8075
3
1 6901
1 256
1 9208
3
1 5799
3
1 710
3
1 1230
1 1245
1 4188
1 5888
1 7977
3
1 5772
1 336
3
1 3983
1 7359
1 6409
3
1 8115
1 1630
3
1 1397
1 990
3
1 5844
3
1 5825
1 731
1 1110
3
1 8896
3
1 6882
1 2405
1 3426
1 515
1 5347
1 1772
1 8213
1 413
3
1 7086
3
1 7304
1 2893
3
1 52
3
1 7376
1 9362
1 3095
3
1 4608
1 3688
1 6032
1 963
1 5099
3
1 6699
3
1 563
1 7273
1 8217
1 9110
1 2019
3
1 105
3
1 1021
1 6208
1 8784
3
1 7835
3
1 1665
3
1 3958
1 8262
1 5738
1 1925
1 2859
3
1 7681
1 9315
3
1 6507
3
1 1589
3
1 9749
3
1 3042
1 1923
3
1 8810
1 1746
1 2706
1 6699
3
1 3654
1 5232
1 6219
1 8620
3
1 2062
1 3013
1 6091
3
1 5942
3
1 3058
1 8702
3
1 4509
3
1 9150
1 2218
3
1 5454
1 2718
1 6977
1 6147
3
1 3948
1 3937
1 8579
1 1078
3
1 330
1 9713
1 7510
3
1 9292
3
1 5929
1 5152
1 2383
3
1 2672
1 7603
1 8617
3
1 5299
1 9680
3
1 7619
3
1 7622
3
1 295
3
1 1294
3
1 6063
1 2959
1 7828
3
1 8297
1 1473
3
1 7059
3
1 705
3
1 4167
3
1 9424
1 8887
1 488
3
1 7448
3
1 8516
3
1 4644
3
1 6455
3
1 8223
3
1 9512
1 7903
3
1 813
3
1 240
3
1 7800
3
1 6110
1 7689
1 9773
3
1 9914
1 5155
1 7845
3
1 8657
3
1 1411
3
1 2799
3
1 3286
1 4630
3
1 6378
1 4789
3
1 839
1 6420
3
1 6679
3
1 4347
3
1 8648
1 9215
1 7640
1 6541
3
1 1908
3
1 9967
1 4766
3
1 6728
1 2296
3
1 6032
3
1 722
3
1 1537
1 2882
3
1 1285
1 3924
1 3812
3
1 6470
1 7759
1 9846
3
1 3171
1 2425
1 1555
1 5776
1 7876
3
1 1123
1 1484
3
1 843
1 257
3
1 6005
1 2597
3
1 5579
1 9314
1 5293
3
1 8039
3
1 1063
1 1923
1 5503
3
1 3675
1 1001
1 9283
3
1 9511
1 5661
1 9529
1 9935
3
1 6662
1 1203
3
1 4662
1 5318
3
1 5005
1 2304
1 2448
3
1 8042
3
1 3360
1 4527
3
1 5667
3
1 8067
3
1 4832
3
1 3109
3
1 4065
1 3312
1 4996
3
1 484
1 1849
3
1 6862
3
1 9761
3
1 5475
1 5923
1 1407
3
1 4618
1 6078
1 1956
1 7223
1 1183
3
1 7450
1 9308
3
1 500
1 1907
3
1 2577
3
1 6091
1 8641
3
1 6242
1 4075
3
1 690
3
1 2157
3
1 5317
1 5499
1 3297
1 9814
1 221
3
1 4989
1 9064
1 1886
1 7411
1 9700
3
1 1107
1 5432
3
1 6861
3
1 4386
3
1 553
3
1 7672
1 326
1 626
1 2512
3
1 4648
3
1 8941
1 8679
1 1585
3
1 3822
1 1832
1 596
1 8415
3
1 2612
3
1 6984
3
1 1614
1 8814
3
1 7601
1 5949
1 2633
1 5411
1 1976
1 1866
1 4478
3
1 2833
1 8006
3
1 7315
3
1 3250
1 2233
1 9472
1 5787
1 2617
1 1414
3
1 4499
1 1412
1 7791
1 2325
3
1 3758
1 6345
1 5833
1 8245
3
1 2725
1 4391
1 3407
1 4562
3
1 73
3
1 6396
1 8574
3
1 4090
1 8738
1 5279
1 5011
3
1 4246
3
1 2673
1 3913
3
1 2419
1 3988
1 9388
3
1 2406
3
1 5251
1 8874
1 7776
1 6855
1 4976
1 3144
3
1 9390
3
1 6619
3
1 4486
1 9891
1 838
3
1 2079
1 2561
1 8819
1 2825
3
1 4301
3
1 2988
3
1 9477
1 6388
1 1003
1 4050
3
1 2560
1 2244
1 3079
1 6726
1 5547
3
1 5479
1 2440
3
1 1477
3
1 8877
3
1 279
1 9980
1 423
3
1 3680
1 784
1 8162
3
1 300
3
1 9407
3
1 3954
3
1 1690
1 5076
1 637
3
1 2083
2
2
2
1 9418
1 1844
1 4710
3
1 1363
2
3
1 3709
2
2
3
2
1 913
1 4583
1 6238
3
1 2411
3
2
3
2
1 293
3
1 3343
2
3
2
2
2
2
1 9490
2
3
2
1 2304
2
1 6123
2
1 8378
1 853
3
1 1146
2
1 2469
1 7344
2
3
2
1 1803
3
2
2
2
1 8297
3
2
1 5526
2
1 8274
3
1 8011
1 3939
1 4411
2
3
2
3
1 3855
2
2
2
3
1 2819
3
2
1 7150
3
2
1 8198
1 3082
1 1650
2
3
2
1 9710
1 210
2
1 9195
2
2
2
1 5969
1 9628
2
3
1 7615
3
2
1 2088
2
2
1 6905
1 9008
2
2
1 8732
3
1 4406
1 370
3
1 4337
1 1875
3
1 3842
1 7099
1 3715
1 5678
1 3477
3
1 7175
3
1 5718
3
2
1 4682
2
1 2910
2
1 3226
1 6669
2
2
2
2
1 6987
2
1 464
2
1 8122
1 3042
3
2
3
1 6227
2
2
1 3659
2
3
1 9158
3
2
1 4909
1 5965
1 9198
3
2
1 6836
3
2
2
3
1 1423
2
3
2
2
1 8593
3
1 1830
3
2
1 3321
3
1 9882
2
1 1534
2
3
1 7437
2
3
2
1 4370
2
3
1 8086
3
1 494
3
1 3709
3
1 1722
1 4657
1 3206
3
1 3760
3
1 7929
1 8694
3
1 2577
3
1 2331
3
1 9938
1 5659
3
1 2749
3
1 2194
3
1 7380
3
1 6696
1 5174
3
1 4116
1 3974
1 4092
3
1 8426
3
1 7488
1 1005
3
1 411
3
1 3967
1 3152
3
1 1876
1 8753
1 3267
3
1 775
3
1 3254
3
1 8409
1 2339
1 931
1 7804
3
1 8955
3
1 2917
1 4566
3
1 8386
1 9161
1 5561
3
1 3184
3
1 3363
3
1 7189
3
1 2455
1 6490
3
1 6988
3
1 4618
1 6426
3
1 9929
1 2637
3
1 6152
1 9539
1 6884
1 8091
1 5522
3
1 9433
1 9040
1 5888
1 1769
3
1 3317
1 293
3
1 3813
3
1 3172
1 5629
1 9829
1 5725
1 2014
3
1 5259
3
1 4049
3
1 5814
3
1 1834
3
1 2672
3
1 4359
3
1 9245
3
1 3294
3
1 1359
1 9460
1 317
3
1 9046
1 7046
1 7757
1 3229
3
1 8007
1 4443
3
1 1466
1 3488
3
1 8864
3
1 6414
1 8168
1 6417
1 4098
3
1 97
3
1 6271
1 5488
1 8903
3
1 5472
1 3640
3
1 947
3
1 9614
1 8075
1 4538
1 8512
3
1 6164
3
1 9707
1 1095
3
1 3464
1 3960
3
1 6596
3
1 264
3
1 231
3
1 4998
3
1 6882
3
1 8362
3
1 1767
3
1 8659
1 5863
3
1 5772
1 2419
3
1 860
3
1 5057
1 141
1 5091
3
1 101
3
1 5159
3
1 9944
3
1 3410
3
1 105
3
1 4437
3
1 5880
1 2158
3
1 1411
3
1 275
3
1 6278
3
1 2522
3
1 3146
1 2104
1 6536
3
1 1899
1 8809
1 9330
1 5927
1 1648
3
1 7794
1 6363
1 3708
3
1 4318
3
1 8394
3
1 1330
3
1 6973
3
1 3337
1 7507
3
1 8707
3
1 1942
1 383
1 2473
1 8023
3
1 8281
1 1420
1 4676
1 4738
3
1 5328
3
1 5525
1 5017
3
1 9003
3
1 3420
1 6005
1 5887
1 1516
3
1 1150
3
1 3028
1 5051
3
1 5841
3
1 8783
3
1 3831
1 8186
1 3185
1 9168
3
1 7795
1 1434
3
1 2881
3
1 8127
1 6324
1 7927
3
1 6710
3
1 6894
1 5631
3
1 1711
1 9414
3
1 3777
1 8855
3
1 3431
3
1 2289
3
1 8503
3
1 3834
3
1 2620
3
1 6407
3
1 276
1 3504
1 5626
3
1 9460
3
1 2394
1 6469
1 3505
1 2477
1 2135
1 4034
3
1 4623
3
1 2176
3
1 8365
1 158
3
1 5847
3
1 4020
3
1 2481
1 1161
3
1 3714
1 3426
1 8851
3
1 1425
3
1 5202
3
1 283
1 1636
1 4115
1 5276
1 5342
1 9103
3
1 5940
3
1 4365
3
1 7625
3
1 5751
3
1 6220
1 2415
3
1 9614
3
1 8371
3
1 6346
1 5834
1 9254
1 9256
1 3976
1 6727
3
1 32
1 2023
1 1640
1 3667
3
1 5963
3
1 1608
3
1 9564
1 5716
1 3282
3
1 8752
3
1 2592
1 3747
3
1 9892
3
1 8110
1 7136
3
1 3626
1 2604
1 4304
1 6523
3
1 1431
1 8483
1 243
3
1 5441
3
1 6657
1 3794
3
1 4285
1 6889
3
1 1373
1 9386
3
1 9736
1 37
1 732
1 1284
3
1 9711
3
1 4381
3
1 4384
3
1 7206
1 2685
1 9130
3
1 9043
1 9977
3
1 1056
1 4690
3
1 8000
3
1 6398
1 1880
3
1 9399
3
1 6401
1 4051
1 6192
1 4238
1 5548
3
1 4902
1 7652
3
1 9533
1 9421
3
1 2408
3
1 6746
3
1 2742
3
1 9375
3
1 3022
3
1 417
1 9368
3
1 9352
3
1 5359
3
1 522
3
1 3797
3
1 2777
3
1 1141
1 142
1 3443
3
1 1614
1 2287
1 7156
1 8646
3
1 4683
3
1 1560
1 1285
3
1 1428
1 62
3
1 4780
3
1 1339
3
1 1975
1 3625
1 9700
1 3851
3
1 3094
1 3021
3
1 672
1 7549
3
1 9545
1 4666
1 3013
3
1 4101
1 959
1 6392
1 7177
1 13
3
1 6945
1 3646
3
1 2967
3
1 920
3
1 4898
1 1263
3
1 7549
3
1 6600
3
1 8831
1 8260
1 2677
1 1571
1 4891
3
1 1645
1 9260
1 7117
1 9904
3
1 5148
1 331
3
1 4039
1 6588
3
1 9354
1 3998
3
1 4789
3
1 1897
1 5328
1 3473
1 4835
1 7645
3
1 6270
1 5518
1 878
3
1 4418
3
1 167
3
1 6107
1 4127
1 987
3
1 3692
3
1 4921
1 5799
1 7647
1 1709
1 6497
1 4942
1 6912
1 2814
3
1 5081
3
1 7730
1 4537
1 178
1 3536
1 6734
1 9691
3
1 5974
1 3622
1 9439
1 8149
3
1 9195
1 5544
1 5825
1 6176
1 7161
3
2
1 5247
2
3
1 5822
3
1 6448
3
1 4284
3
2
3
1 6977
3
2
1 950
2
1 3127
3
2
2
2
1 9414
3
1 7695
2
2
3
1 586
2
3
1 8692
3
1 9289
3
1 404
3
2
1 8128
1 2109
1 1144
1 5446
3
2
1 7323
3
1 5846
2
1 6126
1 9930
1 7442
3
1 3083
3
2
1 922
1 550
2
2
1 442
2
1 2805
1 5974
2
