6982
6982
9005
9005
9005
9487
9487
9487
9487
9487
9487
9487
9487
9487
9487
9487
9487
9487
9487
9487
9487
9487
9487
9487
9576
9576
9576
9487
9487
9487
9487
9487
9487
9487
9487
9487
9487
9487
9487
9487
9503
9503
9503
9890
9890
9890
9890
9890
9890
9890
9890
9890
9890
9890
9890
9890
9890
9890
9890
9890
9890
9890
9890
9890
9890
9890
9890
9890
9890
9890
9890
9890
9890
9890
9890
9890
9890
9890
9890
9890
9890
9890
9890
9890
9890
9890
9890
9890
9890
9890
9890
9890
9890
9890
9890
9890
9890
9890
9890
9890
9890
9890
9890
9890
9890
9890
9890
9890
9890
9890
9890
9890
9890
9890
9890
9890
9890
9890
9902
9902
9902
9902
9902
9902
9902
9919
9919
9919
9919
9919
9919
9919
9919
9919
9919
9919
9919
9919
9919
9919
9919
9919
9919
9919
9919
9919
9919
9919
9919
9919
9919
9919
9919
9919
9919
9919
9919
9919
9919
9919
9919
9919
9919
9919
9919
9919
9919
9919
9919
9919
9919
9919
9919
9919
9919
9919
9919
9919
9919
9919
9919
9919
9919
9919
9919
9919
9919
9919
9919
9919
9919
9919
9919
9927
9927
9927
9927
9927
9927
9927
9927
9927
9927
9927
9927
9927
9927
9927
9927
9927
9927
9927
9927
9927
9927
9964
9964
9964
9964
9964
9964
9964
9964
9964
9964
9964
9964
9964
9964
9964
9964
9964
9964
9964
9964
9964
9964
9964
9964
9964
9964
9964
9964
9964
9964
9964
9964
9964
9964
9964
9964
9964
9964
9964
9964
9964
9964
9964
9964
9964
9964
9964
9964
9964
9964
9964
9964
9964
9964
9964
9964
9964
9964
9964
9964
9964
9964
9964
9964
9964
9964
9964
9964
9964
9964
9964
9964
9964
9964
9964
9964
9964
9964
9964
9964
9964
9964
9964
9964
9964
9964
9964
9964
9964
9964
9964
9964
