35

5
3 4 5 6 7 
8 9 10 11 12 
13 14 15 16 17 
18 19 20 21 22 
23 24 25 1 2 
8
32 35 59 41 6 9 57 12 
49 62 43 31 10 64 48 27 
20 54 18 47 3 39 53 29 
21 55 19 22 2 60 42 37 
14 28 1 51 7 52 26 50 
63 13 33 34 25 4 17 5 
45 30 56 15 8 16 36 24 
40 61 58 38 44 46 23 11 
1
1 
1
1 
7
18 19 14 30 21 48 23 
29 13 1 35 38 15 43 
32 36 44 41 34 20 11 
16 40 4 3 49 5 46 
9 2 8 28 39 25 7 
37 12 47 42 10 27 31 
17 24 22 33 26 6 45 
8
46 47 48 49 50 51 52 53 
54 55 56 57 58 59 60 61 
62 63 64 1 2 3 4 5 
6 7 8 9 10 11 12 13 
14 15 16 17 18 19 20 21 
22 23 24 25 26 27 28 29 
30 31 32 33 34 35 36 37 
38 39 40 41 42 43 44 45 
6
3 4 5 6 7 8 
9 10 11 12 13 14 
15 16 17 18 19 20 
21 22 23 24 25 26 
27 28 29 30 31 32 
33 34 35 36 1 2 
2
4 2 
1 3 
10
70 42 26 96 4 63 83 1 52 62 
73 86 66 71 95 98 50 81 17 92 
3 39 6 87 46 7 9 69 53 13 
51 12 34 45 94 90 31 100 24 89 
80 93 43 60 56 27 57 78 76 40 
25 97 32 75 59 48 30 72 99 58 
18 15 2 49 64 10 29 65 77 67 
79 5 33 55 16 36 47 8 61 19 
84 14 22 44 82 41 28 20 38 11 
37 35 68 21 23 88 91 54 85 74 
8
2 42 45 20 27 60 34 17 
28 33 14 11 18 30 38 61 
54 1 6 52 51 24 56 15 
22 7 5 9 39 59 32 12 
41 37 16 35 4 36 53 55 
44 31 48 57 40 43 62 58 
21 3 50 64 46 63 26 23 
8 13 10 25 47 19 49 29 
4
6 4 9 1 
2 5 7 13 
3 11 16 8 
12 15 10 14 
2
4 1 
3 2 
7
48 49 1 2 3 4 5 
6 7 8 9 10 11 12 
13 14 15 16 17 18 19 
20 21 22 23 24 25 26 
27 28 29 30 31 32 33 
34 35 36 37 38 39 40 
41 42 43 44 45 46 47 
6
33 34 35 36 1 2 
3 4 5 6 7 8 
9 10 11 12 13 14 
15 16 17 18 19 20 
21 22 23 24 25 26 
27 28 29 30 31 32 
8
46 47 20 2 18 13 34 51 
53 31 33 21 57 10 36 48 
42 1 26 62 22 45 32 35 
3 49 56 30 54 14 58 61 
17 6 25 44 5 43 29 41 
50 59 55 8 39 4 64 15 
19 27 23 7 52 9 38 16 
63 11 40 60 37 28 12 24 
10
15 12 22 7 31 39 95 38 23 81 
88 66 19 8 32 92 91 54 46 65 
90 1 94 99 21 77 96 61 64 76 
57 44 34 63 41 83 3 49 55 29 
50 86 85 10 14 52 69 68 11 43 
25 87 48 37 82 35 18 40 70 93 
74 75 47 26 6 80 27 98 28 59 
84 78 89 20 73 67 4 100 60 56 
42 51 72 33 45 30 9 36 62 58 
97 17 5 2 13 24 16 53 79 71 
9
71 72 73 74 75 76 77 78 79 
80 81 1 2 3 4 5 6 7 
8 9 10 11 12 13 14 15 16 
17 18 19 20 21 22 23 24 25 
26 27 28 29 30 31 32 33 34 
35 36 37 38 39 40 41 42 43 
44 45 46 47 48 49 50 51 52 
53 54 55 56 57 58 59 60 61 
62 63 64 65 66 67 68 69 70 
7
29 39 33 31 35 37 8 
42 38 43 27 25 49 40 
30 26 10 46 14 5 7 
4 41 1 18 32 21 3 
48 45 15 2 17 12 9 
44 24 16 28 11 22 19 
20 6 23 13 34 36 47 
5
4 24 7 2 3 
16 17 12 20 22 
19 9 25 15 6 
1 18 10 13 23 
14 5 11 21 8 
5
24 25 1 2 3 
4 5 6 7 8 
9 10 11 12 13 
14 15 16 17 18 
19 20 21 22 23 
9
77 73 6 45 70 76 53 23 63 
32 62 36 74 67 35 59 58 55 
30 41 56 29 17 15 12 11 26 
31 10 42 9 49 78 68 21 25 
34 50 61 79 80 40 60 37 13 
47 72 2 20 39 28 75 1 4 
24 64 22 48 43 3 7 46 18 
27 33 44 69 81 52 71 57 16 
19 65 5 66 38 8 54 14 51 
5
3 8 23 13 9 
21 24 5 15 6 
19 17 7 22 20 
1 14 2 4 10 
11 12 16 18 25 
10
63 23 34 19 74 72 41 10 70 29 
98 14 21 67 40 77 50 85 81 8 
78 76 95 32 88 48 20 68 89 87 
94 62 82 99 25 26 45 92 54 57 
39 83 17 71 16 46 80 65 52 15 
91 30 28 49 97 31 75 2 93 1 
5 53 73 12 43 69 58 55 11 7 
13 18 86 35 44 96 24 36 59 22 
61 64 51 60 42 47 100 84 4 27 
66 9 90 56 37 38 33 79 3 6 
3
9 6 1 
8 7 2 
5 3 4 
6
11 36 12 20 1 23 
2 25 14 31 32 5 
10 3 15 16 27 35 
30 28 29 8 7 6 
18 22 17 26 19 4 
33 9 34 13 21 24 
2
3 4 
1 2 
6
34 10 27 36 21 24 
19 30 23 3 26 8 
2 15 9 1 14 25 
4 28 12 35 17 20 
33 18 6 29 16 31 
7 32 22 11 13 5 
4
14 15 16 1 
2 3 4 5 
6 7 8 9 
10 11 12 13 
5
17 24 10 12 8 
16 21 6 9 20 
13 2 19 22 4 
11 14 3 1 5 
7 25 23 15 18 
5
17 7 21 11 12 
6 16 24 10 22 
9 14 13 8 2 
19 20 4 1 5 
18 15 25 3 23 
2
4 3 
2 1 
8
34 61 54 33 21 49 11 5 
13 19 38 28 26 6 18 9 
41 47 17 15 32 36 8 48 
24 29 42 57 53 56 46 20 
7 30 55 58 59 4 62 43 
39 64 14 63 52 1 23 31 
10 40 44 60 2 22 50 3 
12 27 25 16 45 37 35 51 
8
54 55 56 57 58 59 60 61 
62 63 64 1 2 3 4 5 
6 7 8 9 10 11 12 13 
14 15 16 17 18 19 20 21 
22 23 24 25 26 27 28 29 
30 31 32 33 34 35 36 37 
38 39 40 41 42 43 44 45 
46 47 48 49 50 51 52 53 
2
4 1 
3 2 
2
4 1 
3 2 
