6
50
437 591 370 444 206 654 115 584 48 478 27 369 352 645 374 544 144 559 66 285 108 345 333 418 310 590 246 540 170 660 453 503 324 721 471 531 474 751 168 237 15 387 112 207 18 190 482 971 17 249 356 698 370 817 237 364 299 369 224 243 434 763 221 323 108 174 230 560 154 567 148 422 203 311 38 526 221 236 374 741 424 545 347 661 193 528 262 583 51 87 269 714 77 171 255 710 74 441 89 511 
25
599
461
551
33
315
486
783
385
245
479
183
155
988
708
842
468
47
524
700
266
109
227
631
406
86

200
707 1512 894 2097 731 1015 925 944 820 1088 548 1470 1143 1230 811 1799 677 1913 455 1490 948 1792 1166 1647 594 1554 347 392 995 1344 407 1270 857 2091 108 1355 223 286 38 427 3 1121 380 1491 813 1231 1192 1252 1002 2163 606 825 377 909 882 1517 76 573 32 1113 805 1008 1019 1494 626 925 507 805 807 1677 948 1331 279 796 986 1891 56 874 66 561 747 768 269 1368 433 1194 297 711 389 846 1042 1996 633 1598 1014 1184 526 906 692 755 70 989 493 825 645 936 588 612 870 1138 202 971 1008 1491 1052 1793 934 1860 969 1291 1146 1209 514 1552 1072 2122 559 665 568 1049 1142 2107 1236 1796 649 1055 90 441 967 1936 397 1591 1160 1970 352 1339 754 1823 334 639 1116 1886 490 789 879 1968 362 449 447 1166 55 802 712 1687 1236 1675 503 884 448 1072 1012 1948 390 801 242 1142 1167 1774 138 676 229 731 705 1039 1172 2114 887 1329 1088 2230 811 1146 1013 2046 844 1655 82 581 483 1502 502 658 1138 1900 1243 1604 819 1720 1179 1771 63 174 1233 1662 1164 1258 37 766 295 1099 1047 1800 1113 1941 80 1053 84 1198 829 1125 1093 1437 1121 1424 540 894 716 1434 641 1096 844 861 171 1214 57 255 511 527 1 152 508 1640 1247 1961 9 1144 1136 1590 372 964 208 662 452 630 739 1007 240 1426 677 846 542 738 664 1206 759 1152 29 960 291 971 619 1476 1068 2069 148 238 669 961 676 1083 633 1335 495 1551 521 1436 183 379 522 765 702 1382 7 1163 322 577 68 1140 435 1369 226 1154 752 1939 820 2054 457 769 34 1176 149 361 137 923 884 1445 363 668 335 1316 517 846 969 2029 98 791 586 853 896 1025 764 1174 498 1024 344 561 1007 1249 1016 1514 1226 1341 1157 1422 12 807 314 513 465 507 729 1621 84 652 529 1182 751 1421 109 730 1148 1880 1044 1509 77 1323 752 755 737 1476 419 1503 313 1100 324 459 35 1165 743 1803 1204 2158 22 506 724 947 718 735 653 840 
100
2214
1533
1144
1055
1896
2303
1872
998
1882
1860
1955
1626
502
1307
1550
1379
251
1883
465
2460
81
646
1431
181
953
561
1192
1503
2482
57
2204
2435
844
530
257
1645
1500
825
1294
2097
2474
640
368
2479
1455
535
2281
2019
1512
1883
2159
59
2060
1270
2431
1726
404
338
560
1795
1760
670
2384
1098
38
115
2186
1640
1134
1860
1340
713
953
630
2116
879
1936
2292
586
342
1032
1990
2474
931
1268
2489
1918
238
1347
1833
1102
1140
2429
2304
712
363
480
292
1437
1232

500
1 5000 5000 5000 1912 2468 2140 3115 1808 3157 120 498 781 827 718 1139 1298 2769 2462 3744 733 1776 1104 2323 2072 2820 701 906 1043 1720 788 1724 931 2549 2086 2320 1101 3050 966 2877 1709 3010 267 1578 705 2244 1591 2917 2414 4048 51 1539 2095 3555 345 1345 1994 2121 1022 2505 939 2853 620 2051 806 901 570 1072 2381 3012 1504 2558 1560 1630 910 2316 58 1271 567 1310 2081 2892 800 2286 393 1656 161 1118 890 1898 1452 2773 601 1548 376 1974 1062 2083 1149 1768 2443 3860 2351 2677 495 2204 17 1141 1358 1408 81 2139 2366 4605 558 1629 1853 3186 93 1491 546 2795 2356 3884 1080 2347 48 1819 818 2174 535 2141 1833 2837 68 344 605 2994 2083 3988 1434 3274 2065 3009 2314 4175 1304 2240 261 1539 327 2202 1390 2443 2110 3181 1462 3165 1 1961 1138 3328 63 1429 2461 2677 1250 1287 343 965 2497 2589 311 2786 1979 3801 176 1629 171 747 606 1916 2109 3076 1648 3505 2093 4572 1158 3610 358 837 2051 3224 1214 1782 384 941 1257 1348 1711 2716 1255 1373 1079 1964 1575 3498 1353 1544 707 1623 1717 3146 1862 4226 235 2510 1946 4006 1191 1822 1923 4269 1724 3564 1788 2903 994 2884 681 2933 2069 3414 889 2695 2375 3723 1606 2124 2435 4715 427 2343 544 2450 318 2007 2476 4345 765 1122 147 782 2088 3363 1382 2602 1576 2832 1767 2951 2042 2264 120 2414 1450 3591 1839 3636 1247 1308 425 1892 1 2192 1600 2142 1842 3432 1541 2344 985 2819 1272 2031 1865 2157 1228 1387 1523 3989 1483 3459 984 1927 1944 2308 1594 2008 1438 3378 93 895 140 689 70 1595 2297 2702 108 923 2098 3417 2467 4356 396 634 1554 2905 146 1053 1512 3946 2206 3657 812 2741 789 2349 371 1245 462 2755 1670 2849 1807 4083 2417 3145 2495 3394 1686 3642 1018 1357 1563 1946 1885 3026 1260 2667 337 1401 1773 2944 2328 3084 708 1658 1505 3342 2479 3731 374 1189 937 1056 2443 3513 108 505 1025 3248 1914 3004 929 1667 588 678 1236 2920 1318 3266 2004 2604 1 1467 1021 1230 1354 3050 897 2724 714 2415 2413 4756 1067 1589 1410 2748 1375 1857 1705 2904 2410 3213 1551 2671 2483 2505 1649 3551 1423 3712 480 2825 1229 2340 716 2315 1725 2166 1715 2810 1886 3995 1781 3554 1258 3013 1927 4268 596 823 505 1394 1329 1729 974 2544 60 2042 268 813 1637 2957 976 2250 649 933 1531 2865 2345 2717 2222 3673 117 2032 1528 2921 712 1536 1135 1205 1437 3532 2419 4212 332 973 1879 3958 2402 4617 985 1044 328 1248 288 1076 2272 2376 1420 1754 1611 2655 339 552 1735 3154 331 2297 1471 1931 389 858 2314 3121 2389 3618 2009 3739 956 3395 1058 2662 2239 4504 138 1743 1001 2034 1898 4371 2133 2248 2417 4004 61 1966 1937 4007 2267 4289 1149 1628 1190 2952 369 775 2009 4396 2050 3374 1904 3527 2364 4558 1384 3710 2452 4671 2234 4689 530 890 892 1300 177 1161 1576 1682 1071 1891 1486 1561 261 378 2289 4135 1728 2429 2321 2350 513 1834 680 1474 579 1819 2154 4542 827 1529 392 1246 1141 1257 1526 3428 2414 3173 2437 4240 1829 4269 173 2603 1000 3074 1358 2421 2127 4398 2314 2962 12 1578 283 555 1748 2795 391 2012 2178 4120 1862 3586 2442 4367 1531 1972 2120 2804 1076 3171 1390 2500 456 2202 744 986 1002 2606 1039 1556 2372 4763 1038 2094 2042 3039 1814 2536 33 1379 381 1140 1457 2288 1338 3634 671 2015 931 3225 1043 2558 11 1943 210 1599 2290 2579 348 1886 1156 2059 2471 4944 139 172 1975 1997 1483 1553 197 2296 2016 3989 507 1401 2053 2142 718 3075 1395 1622 632 1521 1400 1883 857 2954 707 2134 41 1060 1866 3422 131 2592 320 322 213 2603 1405 2828 1788 3708 747 2499 295 1284 2178 2301 988 2090 1304 1518 2275 3991 1552 3733 604 2339 2442 4090 1792 3022 636 1348 2371 3439 155 1339 1097 3346 1280 3256 1948 3612 530 630 1150 1659 1750 2073 348 1516 79 2070 2323 3619 1340 2502 1034 2453 1339 2907 1945 3180 1579 2687 1609 1739 1154 3223 1478 3385 637 722 1418 3618 1106 1675 1283 3340 2153 4613 1784 1983 1475 2305 1348 2522 1615 3153 1441 2845 274 1681 2305 3944 2255 3231 2315 3730 1332 2219 1649 1898 1764 3831 1565 2565 430 597 663 1992 2030 3389 1134 2008 512 1587 1991 3992 102 705 351 671 515 944 919 3208 2451 2678 1415 3237 273 789 1036 2706 2025 4371 803 2771 538 2768 452 2402 1751 2970 484 863 298 896 1511 3640 1621 1653 1893 3550 963 2981 1072 2125 132 1485 2351 3855 609 2403 302 620 827 2100 2031 3378 1830 4024 2485 4163 1765 4258 928 2204 1797 4260 2297 3160 432 1947 1727 2427 1388 1787 2195 3962 2321 3372 928 2249 2336 2475 1924 4406 1179 1660 2373 4112 1066 3010 1595 2670 263 1884 935 2752 381 1947 928 3125 374 1914 1793 3414 1372 2270 1080 1096 1880 4053 1787 4264 1255 1624 1989 4254 488 2745 828 1390 1762 3004 1437 1938 2087 3685 1993 4041 1271 2051 2084 3953 1924 4100 367 2674 2294 3818 956 1411 1714 1764 1446 1937 984 2499 2142 2477 211 2073 1329 2294 1003 1448 116 2110 189 1053 54 414 1425 2884 474 1309 693 2215 473 2128 1298 3363 1474 2754 2386 3421 1374 3671 1809 2453 1070 1291 280 295 601 612 1559 2264 795 3067 1387 1987 950 2330 2213 3985 
500
1049
4761
346
987
415
1353
4332
2946
1563
1464
182
3727
3438
373
4653
3246
4989
381
491
1769
1090
3906
760
2139
1774
4786
2223
750
661
665
4882
743
1094
4009
811
4119
4629
4517
1161
4181
1022
133
1699
863
384
4804
124
1184
4356
3421
1875
3459
1129
3812
1093
2061
406
3641
1969
321
4019
3223
1400
1597
1340
362
1112
3817
2802
2135
1339
4016
3504
3109
4096
3686
4023
3929
1950
3442
3630
3577
160
430
1186
1950
3426
2057
1398
2796
2087
3989
151
3101
2972
3188
919
1545
3236
1101
4724
4194
1424
973
3235
844
1450
833
3118
4066
3927
2144
584
2899
1792
3653
49
252
1835
3633
3091
3607
4579
71
751
48
4048
4921
2492
64
827
4761
4341
4027
1587
1737
758
4461
2725
1460
2635
3969
3556
2637
2845
3217
1221
157
4730
4217
2197
619
2304
3470
4641
3651
3805
1829
370
2865
1950
2061
2971
54
2586
246
2520
2985
4570
2459
1453
3010
712
1811
2096
4671
4929
1382
4612
257
913
2851
4274
4865
4249
838
2078
2020
4543
4629
2372
1238
2354
1300
3742
186
4487
2431
2691
471
4702
4501
3589
599
4379
4068
2662
337
4473
2055
3872
1302
233
2852
480
2825
3387
4985
3694
1831
487
2367
4844
917
1499
2551
4353
4001
3081
2521
2240
4089
19
4372
650
1984
1766
4752
484
3847
3952
662
4598
2200
4584
2665
2186
3061
825
878
3101
1263
282
2526
469
3643
1957
4996
3767
4150
2610
2794
1284
1402
1111
38
359
1032
1582
1962
3902
3077
1195
2417
3530
4330
4008
1597
2300
43
1720
3910
4078
4441
1220
1301
564
3650
1101
1494
1501
1206
3527
2116
394
2149
1781
1646
4593
3948
3679
4783
1582
1999
381
1228
4791
536
3919
4206
1338
4277
3683
2991
1606
1272
1
281
3347
1768
4006
170
655
820
3131
2972
2245
4064
2594
3248
3356
480
117
2499
1017
4881
891
4945
234
2391
3607
3526
4225
4265
3966
540
1193
1297
3677
1078
1167
1119
3229
2146
424
477
4364
413
2203
4118
2089
1257
2811
455
4900
98
3108
3671
287
2398
1807
3651
4485
386
587
2498
3062
137
3298
3087
3292
2439
4037
2997
925
2260
3437
1181
4829
837
3847
2434
4103
668
11
430
2575
1503
4506
797
152
942
2489
1575
3397
1974
4558
980
598
555
110
2527
3113
3426
2400
693
4730
2148
2442
4143
3025
3630
2902
3522
999
189
3312
664
4436
1799
2399
3263
1991
2429
3845
3496
1475
3909
3349
2146
2371
140
2416
4885
3634
1361
4044
1610
3281
1844
186
2407
630
3461
162
4633
4357
3505
4485
2082
2766
2310
4223
1346
4114
4824
3903
2601
3475
4149
1276
250
1840
4474
181
1300
4090
441
2949
2466
365
3226
2578
3826
3590
1918
2009
3331
3334
1610
1239
4631
2688
4544
886
3584
469
2234
1778
3559

150
795 795 1132 1132 1233 1233 337 496 499 1522 696 1230 321 1351 880 1075 99 775 1165 2169 94 929 1039 1210 648 1112 500 1721 743 1887 506 1255 1203 2452 1005 2024 753 1499 1107 1268 936 1062 1238 2273 975 1332 1101 1569 129 780 757 1479 834 1526 467 631 839 1270 722 1848 82 720 950 1122 956 2030 984 1182 991 1163 1108 1205 867 1190 756 1033 255 499 593 1838 387 1593 654 1447 877 1094 1026 1134 67 370 84 1199 330 1083 103 1266 614 1250 353 1479 904 1607 1108 1756 674 1485 133 270 844 879 873 1338 62 198 465 672 282 655 806 983 536 1298 1133 2328 869 1097 771 1088 1209 2167 113 426 284 625 1051 1972 401 1126 997 1298 214 294 669 719 952 1163 1031 1827 390 600 1239 1975 197 486 138 728 461 831 23 841 817 1652 91 1130 878 2103 155 1318 477 1085 837 1619 199 801 1115 1474 430 772 1159 2319 97 752 409 1216 565 940 82 1310 536 1342 1128 2211 839 966 78 816 770 1337 676 1512 311 1143 965 1176 500 1342 911 1414 622 1064 780 1982 1103 2324 710 1152 51 1019 176 1287 315 728 270 782 604 833 558 1271 320 565 426 1417 346 756 44 564 350 1220 1202 1970 815 1458 859 1551 506 879 992 2196 541 1642 1052 1668 571 1347 1022 1137 930 1392 168 864 227 937 1151 1486 628 1611 441 721 1097 1353 834 2065 832 1086 851 2096 735 1322 1167 1492 337 612 963 2174 1006 1219 503 961 625 1645 488 1651 1 1051 867 2010 313 1222 163 1201 
80
795
1615
856
734
690
887
1671
639
1788
1399
1525
2043
1442
2125
2411
1293
103
1775
148
1295
1157
538
690
2353
1116
335
2459
704
1026
1440
1466
1985
1248
1220
1870
2064
337
850
1871
222
504
1479
1063
1267
1285
192
2145
1437
1463
2284
2342
1618
1109
1520
296
205
707
160
2216
1652
1100
886
1631
966
2034
2373
801
1872
458
248
939
543
947
866
1812
1557
438
497
1262
1233

200
563 839 613 1669 1213 2416 1263 2458 741 1867 791 2183 1087 2294 1137 2397 267 514 317 1507 499 828 549 1664 381 1163 431 1831 674 1258 724 1879 637 1327 687 1913 281 1529 331 2014 927 1132 977 1816 278 410 328 1455 307 593 357 1546 751 803 801 1651 180 666 230 1583 737 1052 787 1776 840 1605 890 2052 1093 2290 1143 2395 967 968 1017 1734 14 1078 64 1789 205 441 255 1470 933 1815 983 2157 397 904 447 1702 744 987 794 1743 996 1670 1046 2085 86 1283 136 1891 199 594 249 1547 540 1195 590 1847 699 1696 749 2098 779 2020 829 2260 280 285 330 1392 125 805 175 1652 1099 2187 1149 2343 384 887 434 1693 98 367 148 1433 760 1978 810 2239 211 887 261 1693 1099 2137 1149 2318 79 115 129 1307 158 1208 208 1854 374 861 424 1680 211 448 261 1474 169 277 219 1388 155 751 205 1625 684 1486 734 1993 879 1409 929 1954 846 922 896 1711 821 1673 871 2086 905 1231 955 1865 811 1728 861 2114 862 1613 912 2056 731 1179 781 1839 972 2157 1022 2328 215 776 265 1638 945 1595 995 2047 49 1166 99 1833 87 1332 137 1916 626 1013 676 1756 845 1332 895 1916 991 1698 1041 2099 208 253 258 1376 164 1343 214 1921 728 1773 778 2136 661 1679 711 2089 169 1292 219 1896 762 893 812 1696 197 413 247 1456 1226 1718 1276 2109 1115 1632 1165 2066 60 441 110 1470 1022 1432 1072 1966 744 1460 794 1980 1040 1768 1090 2134 547 1487 597 1993 37 176 87 1338 825 832 875 1666 634 1464 684 1982 423 631 473 1565 1195 1860 1245 2180 747 1435 797 1967 114 645 164 1572 281 967 331 1733 620 1406 670 1953 165 1258 215 1879 987 1416 1037 1958 276 567 326 1533 661 1361 711 1930 915 1026 965 1763 945 2179 995 2339 173 1391 223 1945 765 1216 815 1858 358 1226 408 1863 282 358 332 1429 414 466 464 1483 548 1017 598 1758 284 1163 334 1831 1133 1526 1183 2013 985 2183 1035 2341 1219 1871 1269 2185 310 826 360 1663 
150
509
1536
19
1222
1226
1785
624
1196
1939
52
784
451
2458
742
2472
1628
847
155
902
1711
1117
2181
865
1126
2409
1951
2167
1971
1479
503
315
35
864
2478
1738
313
1783
1938
652
1199
988
302
1163
359
338
1646
951
1049
1417
326
614
1264
792
1138
318
550
432
725
688
332
978
329
358
802
231
788
891
1144
1018
65
256
984
448
795
1047
137
250
591
750
830
331
176
1150
435
149
811
262
1150
130
209
425
262
220
206
735
930
897
872
956
862
913
782
1023
266
996
100
138
677
896
1042
259
215
779
712
220
813
248
1277
1166
111
1073
795
1091
598
88
876
685
474
1246
798
165
332
671
216
1038
327
712
966
996
224
816
409
333
465
599
335
1184
1036
1270
361

150
1744 2647 334 1744 470 851 1139 1352 928 1701 986 1758 16 362 1086 1549 889 1146 203 1249 1204 1390 736 1857 22 554 1011 1911 1168 1384 776 807 16 1099 1239 1746 121 373 1241 2419 181 450 655 1842 732 1561 986 1778 1193 2362 1061 1501 718 1232 683 1843 790 2005 835 1306 517 1061 222 666 202 1367 477 1276 1013 1311 395 1228 847 1835 776 1804 575 1044 373 858 567 1569 358 820 716 1825 387 855 1144 1495 1165 2142 836 1595 930 1231 1218 1641 1103 1224 621 1399 1216 2156 333 1487 994 1835 1114 1935 871 1108 265 901 155 1004 355 1557 1162 2314 74 132 874 1698 980 1062 764 1000 836 1480 257 584 296 809 1022 1986 125 1057 1045 1961 106 343 104 186 644 1682 596 1210 604 1245 266 413 618 1745 646 684 961 2129 45 246 359 954 318 749 394 1326 171 924 582 1170 285 868 950 1387 699 1766 298 1269 1115 1448 178 676 494 1270 85 1108 353 1490 732 1487 792 1273 1182 1848 716 822 846 1099 1238 1466 438 670 1242 1934 657 660 893 927 955 1238 140 1186 712 1680 253 463 81 1303 450 1293 240 285 883 1454 298 1159 719 938 1130 2222 1217 1650 351 996 291 320 241 784 69 189 368 1022 627 1178 692 1290 499 1061 448 1498 327 659 670 863 939 1802 34 1082 530 808 1070 1160 584 1417 659 1858 662 1012 1029 1846 697 1232 332 1443 1081 2260 85 499 369 868 1127 1378 994 2216 601 833 907 1418 584 1488 17 821 638 1274 1013 1285 780 907 81 1274 
80
1744
270
70
810
2368
1431
900
846
1003
1548
1853
2108
2120
1174
1062
658
813
420
212
2061
212
305
2456
1605
966
671
1592
68
1701
1467
12
2419
272
887
2470
2079
1686
1986
968
254
1875
1274
248
2155
547
692
2134
2031
1739
1571
2210
182
2497
1735
1036
1398
1150
2086
1384
595
2092
370
1228
1040
1583
319
22
174
948
203
1669
2330
1464
1132
647
1325
359
124
2287
2105

