6
10
3 52 29 71 2 39 48 95 44 64 20 54 30 30 44 45 47 71 19 46 
5
39
44
57
61
6

25
12 32 51 102 66 142 78 192 46 133 119 183 11 70 106 157 91 182 94 181 55 148 65 65 48 158 77 104 112 202 72 168 23 73 3 118 70 183 66 86 9 92 43 145 57 148 35 148 33 113 
25
193
16
81
1
2
13
163
247
135
16
87
239
245
54
239
35
244
7
124
229
246
34
135
240
134

50
1 500 500 500 74 77 175 346 141 378 222 374 98 214 193 297 152 263 249 330 52 282 229 249 167 204 202 444 123 196 106 280 172 208 9 75 19 218 239 278 121 309 130 365 112 216 152 356 33 169 225 266 97 222 86 151 5 38 169 378 151 153 15 210 205 419 76 305 160 166 104 194 24 110 130 196 154 218 76 253 67 117 172 409 93 114 246 316 145 300 84 226 183 429 172 409 132 199 3 93 
50
19
366
324
370
18
171
231
442
419
16
492
201
115
291
100
141
160
229
164
100
215
437
381
61
29
368
76
4
356
94
402
173
354
344
358
383
187
74
48
321
132
297
410
111
322
407
490
331
419
102

15
167 167 186 186 71 71 58 187 6 157 106 214 109 284 139 168 64 101 22 209 23 175 39 68 5 12 190 307 56 175 
8
167
202
394
47
187
325
171
71

20
64 182 114 291 24 151 74 275 5 193 55 296 147 189 197 294 2 96 52 248 49 107 99 253 54 243 104 321 54 70 104 235 36 90 86 245 134 327 184 363 
15
45
379
140
52
155
115
75
56
198
53
100
105
105
87
185

15
286 425 62 286 76 106 45 206 73 84 45 56 122 250 35 86 177 326 171 345 151 347 162 281 102 226 39 173 37 76 
8
286
74
95
361
270
68
339
286

