35

5
18 19 25 8 23 
16 15 24 6 10 
7 3 21 13 9 
12 20 22 1 17 
2 4 5 11 14 
6
26 27 28 29 30 31 
32 33 34 35 36 1 
2 3 4 5 6 7 
8 9 10 11 12 13 
14 15 16 17 18 19 
20 21 22 23 24 25 
5
13 8 18 3 6 
10 14 7 5 9 
22 16 19 11 23 
1 2 20 4 25 
17 15 12 21 24 
9
64 9 18 39 23 62 37 6 45 
22 75 81 26 34 71 11 42 12 
76 14 66 70 54 69 31 30 5 
35 28 44 52 25 58 63 65 1 
60 27 4 24 78 40 61 46 7 
19 50 36 21 68 49 55 20 53 
32 73 77 51 33 56 48 57 79 
41 72 29 2 47 59 3 8 38 
17 43 74 80 13 16 10 15 67 
5
5 6 7 8 9 
10 11 12 13 14 
15 16 17 18 19 
20 21 22 23 24 
25 1 2 3 4 
3
4 9 2 
6 1 8 
3 5 7 
1
1 
4
5 1 14 9 
13 11 6 4 
10 3 8 16 
2 15 7 12 
5
8 7 22 2 20 
12 9 24 15 14 
1 23 6 18 4 
3 19 17 13 11 
16 10 25 21 5 
7
14 15 16 17 18 19 20 
21 22 23 24 25 26 27 
28 29 30 31 32 33 34 
35 36 37 38 39 40 41 
42 43 44 45 46 47 48 
49 1 2 3 4 5 6 
7 8 9 10 11 12 13 
10
22 39 42 69 97 49 66 74 31 17 
27 9 4 85 65 5 43 25 38 77 
88 75 80 70 54 11 32 96 90 50 
89 87 6 84 30 26 78 29 37 95 
15 59 64 68 83 2 20 71 19 62 
16 58 40 44 1 67 99 61 21 94 
14 35 93 10 36 92 82 13 41 98 
86 53 33 51 60 3 52 76 8 24 
81 72 63 73 91 45 47 7 23 79 
55 46 28 12 57 18 100 34 48 56 
1
1 
9
66 67 68 69 70 71 72 73 74 
75 76 77 78 79 80 81 1 2 
3 4 5 6 7 8 9 10 11 
12 13 14 15 16 17 18 19 20 
21 22 23 24 25 26 27 28 29 
30 31 32 33 34 35 36 37 38 
39 40 41 42 43 44 45 46 47 
48 49 50 51 52 53 54 55 56 
57 58 59 60 61 62 63 64 65 
7
44 41 42 49 5 10 35 
36 37 4 31 33 39 27 
24 13 1 3 15 34 40 
32 25 20 12 9 43 48 
38 11 7 21 8 6 29 
19 17 2 30 23 47 26 
14 45 16 28 18 22 46 
10
33 34 35 36 37 38 39 40 41 42 
43 44 45 46 47 48 49 50 51 52 
53 54 55 56 57 58 59 60 61 62 
63 64 65 66 67 68 69 70 71 72 
73 74 75 76 77 78 79 80 81 82 
83 84 85 86 87 88 89 90 91 92 
93 94 95 96 97 98 99 100 1 2 
3 4 5 6 7 8 9 10 11 12 
13 14 15 16 17 18 19 20 21 22 
23 24 25 26 27 28 29 30 31 32 
1
1 
9
74 75 76 77 78 79 80 81 1 
2 3 4 5 6 7 8 9 10 
11 12 13 14 15 16 17 18 19 
20 21 22 23 24 25 26 27 28 
29 30 31 32 33 34 35 36 37 
38 39 40 41 42 43 44 45 46 
47 48 49 50 51 52 53 54 55 
56 57 58 59 60 61 62 63 64 
65 66 67 68 69 70 71 72 73 
2
1 2 
4 3 
7
45 23 2 31 21 36 11 
14 34 1 24 48 10 35 
33 13 17 20 15 37 22 
8 41 4 6 49 47 28 
44 27 7 9 32 42 40 
25 29 18 5 43 39 16 
46 12 38 30 26 19 3 
3
9 1 2 
3 4 5 
6 7 8 
6
32 13 2 1 15 3 
23 7 35 33 11 22 
28 34 26 5 4 24 
6 20 14 9 17 21 
31 16 30 18 10 8 
12 25 27 36 29 19 
10
9 46 24 88 73 89 81 67 19 79 
87 15 20 36 69 6 16 85 8 10 
68 55 44 5 66 23 53 86 48 71 
37 74 54 64 83 52 65 28 22 78 
47 75 12 100 7 50 1 17 76 30 
61 72 4 34 56 33 45 41 57 94 
91 63 14 18 62 93 84 11 13 40 
95 42 97 49 90 35 29 39 3 27 
92 31 25 51 2 32 99 96 26 98 
70 38 82 80 77 58 43 59 60 21 
4
11 2 6 12 
8 14 1 9 
13 16 4 3 
10 5 7 15 
6
8 9 36 34 28 5 
18 1 6 26 32 21 
31 20 22 3 29 13 
11 17 27 25 4 12 
2 35 10 16 15 33 
19 30 23 24 14 7 
3
3 4 5 
6 7 8 
9 1 2 
1
1 
8
8 40 18 16 33 37 19 5 
7 50 21 53 61 57 63 51 
44 14 42 56 59 32 36 55 
20 29 3 28 64 22 62 43 
13 46 54 1 27 9 52 12 
34 26 17 30 49 41 23 2 
4 48 47 24 11 25 35 39 
38 45 15 10 6 60 31 58 
7
23 25 18 24 40 30 19 
39 12 4 41 44 37 42 
20 6 35 47 36 27 3 
15 29 38 14 8 5 48 
16 49 33 43 9 22 11 
10 13 45 34 26 7 46 
32 17 2 31 1 21 28 
2
3 2 
1 4 
2
3 4 
1 2 
8
42 18 49 57 60 19 50 40 
14 20 59 33 53 9 3 36 
47 63 44 22 32 17 2 8 
10 38 34 24 5 37 35 45 
12 23 21 28 16 61 26 29 
27 46 6 64 52 7 39 30 
62 31 15 43 54 56 41 51 
1 48 58 11 25 4 13 55 
2
4 3 
2 1 
8
48 62 20 30 42 19 2 64 
14 32 46 35 57 61 34 27 
37 22 9 1 55 18 53 59 
24 36 58 26 28 39 16 44 
25 7 51 11 54 4 43 33 
10 3 40 13 8 15 63 17 
29 49 52 50 12 23 31 41 
38 45 47 60 5 21 56 6 
7
31 42 10 38 39 22 41 
11 5 12 3 8 43 16 
2 13 23 32 30 27 33 
15 29 45 14 17 20 35 
36 26 18 6 1 24 37 
49 47 21 28 48 9 34 
4 7 44 46 40 19 25 
3
4 3 5 
9 2 8 
1 6 7 
