25
39291664881134 14
38710 7911 26495 19193 66792 16817 40752 72137 40774 10378 27709 34793 64845 84574
12345680134200000 98
16006 26761 21436 98692 57230 67752 57973 32601 29562 88528 72807 81730 71161 85683 51383 87732 34238 40794 51524 77548 22804 74274 51941 50453 12221 7436 65309 89147 96572 53772 71253 71931 59513 36799 56337 48838 4203 67401 47381 67458 26674 74154 21651 87878 79925 18570 70698 71772 92310 62717 57681 20284 97555 77174 22094 42823 14625 32039 36764 52622 60866 43453 78489 72536 17470 39633 51066 13168 66976 28072 13019 76155 56140 60040 79121 24862 31732 100000 98306 42308 39268 74408 43997 60120 24601 58080 31516 9891 34562 99483 19579 83715 70829 36337 1533 82818 12376 30704
5677800030019200 2
56778 3180
404824676100015 63
16680 10560 4120 19000 19760 8000 15360 6060 11340 2920 8980 13680 8540 16220 10920 11960 3000 5240 7980 17860 14280 17020 5020 3360 12300 7620 14720 13500 3640 7580 8660 14640 780 9460 17840 12100 7560 11520 14540 13480 18620 7660 16020 15960 5340 2680 13380 8180 5940 4000 6340 5100 8220 10260 11080 14260 10800 16560 18380 16440 12280 17060 820
44102139112550 12
89721 3196 47192 26998 39117 66593 5199 1392 8378 99619 28015 45312
72336156316459 96
52505 14681 37118 16818 45158 62476 99881 25227 38629 51717 78903 46218 67063 37310 25180 22619 2550 20136 58003 29546 71047 23397 74683 4261 50157 45053 9303 86181 65694 27722 6193 99164 25479 57547 50344 33522 74569 90085 56388 85899 86720 47018 3557 10609 63553 64917 90906 737 16942 51134 55087 66617 31309 10061 9915 70705 25225 69213 81550 48028 68072 16171 23841 37541 50535 29674 59602 33174 69532 80210 18636 85296 12687 26350 69803 94668 31364 17228 6235 89651 14358 26661 52201 72073 30430 15887 89138 57174 48707 43563 31416 81938 12757 48849 68419 32499
355019296083856 2
6776 13762
91489083859520 65
27177 73493 66169 36741 88975 35823 74749 45737 81749 41923 57341 81933 94441 1652 68949 17386 96076 89590 9982 42708 52584 30306 6954 88801 2636 22799 99188 13260 99130 32057 24979 3406 56584 73404 80773 47979 22661 91574 3430 5491 94759 687 53013 64443 11188 87529 53007 12249 35171 19616 92062 92664 85385 43596 85338 47238 26621 44561 29752 2265 46266 56754 89712 16955 15310
33230833798788 98
62233 47808 49484 73884 20039 30260 36088 86669 61163 48974 12373 30764 43164 74186 19743 39651 45404 91263 99280 26553 209 86351 7695 1034 18113 35060 36889 86627 85318 1127 98633 42245 95346 64016 84265 27258 17779 46245 27203 43105 35899 71228 36973 90033 12815 28690 49621 73755 2181 10348 53191 54420 74006 18855 43549 21759 24781 91896 9187 595 92343 23007 37439 19106 22417 90880 32305 21015 71302 5397 6796 90503 34366 97565 68432 88646 26480 30744 97714 96137 84772 58956 26309 82025 81486 6165 23818 35759 64704 32888 36542 33036 45621 47793 4070 71438 74570 21269
6510640865928 84
12302 78432 48434 21873 75602 793 57311 46340 27256 93831 10726 64749 74471 33060 57909 75912 52268 3872 14065 18032 57425 64968 54821 67361 25997 73752 47185 26886 83699 17972 58861 9366 66171 33433 71605 3184 53868 9829 84669 51655 21988 28533 49152 94661 64327 29047 73117 81857 62493 10931 70961 28372 76943 38561 15005 47780 39311 81835 71083 73825 47643 41779 89005 72674 23634 87606 85907 52821 50053 48279 12833 96203 56015 88287 32870 38335 48971 12597 8188 42306 88445 60047 67424 76561
59140453129619 38
79512 11572 99197 533 30372 17788 38545 45109 97877 91202 99626 90590 70454 50416 66084 62743 78384 25555 12785 74428 52877 85181 90400 91602 91580 75698 79147 52759 85886 19280 30949 43262 11582 9108 11002 19591 65407 41037
1000061683947 100
1428 39072 3954 40128 33773 26203 3808 47957 42164 45570 26403 45958 1507 8609 12700 15179 26186 34614 21750 6999 45394 3947 12665 6624 23565 35551 14544 34792 46698 46367 45346 47178 41201 22880 29735 27589 27691 32508 32120 39593 30620 4693 28853 15202 24966 25075 48324 37059 27447 24986 102 413 39617 22738 22861 25535 32141 37790 41367 29756 36127 8622 37524 27463 23318 45623 23868 41779 10517 29743 40798 30685 2241 4522 14066 14588 31596 8200 48133 2762 32418 10874 19354 31431 37990 10092 18933 47928 20124 43964 11196 5635 100000 46771 27929 24937 22112 35419 49981 20795
74367455363203 16
7661 26469 53957 80750 23333 52657 7462 38703 42239 39695 63354 56629 21075 98675 51744 25175
1000040414019 100
46346 45925 24722 2466 37415 36121 33495 35690 22201 45972 26586 2497 100000 29832 23883 34192 21428 16215 7294 18039 28377 10357 45156 38354 40144 40134 49340 29372 8543 10080 29226 22946 12827 7066 42756 11859 45267 48775 36015 14581 28325 49538 45208 48398 14160 17348 25417 13768 27159 28786 23361 7834 29869 30936 49651 2890 48355 7726 29491 15064 31751 48266 3293 32786 44512 45598 13146 46697 34708 40146 33099 36831 6512 7936 3834 20177 18254 32521 35535 23574 10290 42744 15556 479 48695 34969 14577 38138 15506 5036 29166 6204 35331 23889 2328 9362 29306 10754 8181 20364
498543811563005 5
5140 4630 5470 7980 6240
4218281896353438 39
7920 1056 44016 34752 38352 13392 3504 5088 14208 27072 144 1584 28560 29856 40848 39120 32544 34464 21264 32736 46656 44688 7200 4704 4368 6240 6768 5040 39408 29520 1152 31824 42192 6384 37248 31056 28224 44352 12432
22551473047810 95
2758 33815 65440 1341 27031 3811 10531 92337 66612 43610 77117 28675 6017 42623 13148 70243 60903 19494 16940 4104 47395 28748 72284 99286 20410 19169 80046 8989 83447 34827 63195 17100 79642 74133 68609 1326 90701 1535 50844 95893 90159 72773 67251 97267 38269 59766 96066 82573 7502 57526 79506 18667 57537 1091 99910 67533 9904 22212 78283 87298 60724 5473 98306 83543 67737 95636 61870 45634 68038 78557 90758 5783 97849 25222 57094 39796 95007 61510 17704 22886 36124 58027 79572 5755 72582 85090 88499 77886 14078 59439 93368 31450 57475 12546 25383
25898618514778333 2
88926 88925
12345679225200000 98
49311 1830 64699 81439 66921 78551 25493 5930 88027 89293 79015 71398 70387 93270 59149 56932 16461 70340 52547 38133 11158 33875 60466 59761 92003 3402 25237 58832 12580 81775 41458 31369 46597 59999 4662 98996 25225 23339 60493 80501 85910 10374 83041 80667 44852 46673 85586 40421 5709 15951 77373 5898 36934 43045 71704 86052 63389 97689 56196 74965 74064 5508 34291 4142 56596 53283 77901 94737 34131 97616 36418 28196 32282 19612 75391 33323 52109 81333 90856 94154 55762 85911 52032 22266 11448 13254 30498 5542 100000 43747 56526 83944 11661 40002 64635 85845 20293 95109
1000065331910001 100
532 209 975 763 409 524 747 99996 529 431 40 305 630 99998 99997 840 745 782 262 816 493 235 55 214 653 155 353 390 324 330 259 591 845 618 885 416 104 398 405 605 995 318 99994 67 99992 437 535 689 206 27 695 319 329 99999 587 46 500 627 20 199 767 197 546 180 540 84 31 756 32 307 537 947 99993 191 66 5 872 391 448 334 252 651 595 342 249 661 366 221 888 625 99991 99995 100000 536 400 151 781 708 619 574
43733879191520 25
39456 51579 50392 75716 38459 34171 44883 74462 56628 15263 31704 64066 48481 48805 32677 49087 42039 35556 5739 6432 37269 27557 81572 29305 80509
11838477182641 18
90086 12518 25355 93640 92060 93183 21978 14042 78747 77546 54135 13975 58902 22332 91019 16938 86412 95990
1515355432418152 100
2160 1664 3072 432 4688 8880 1968 12672 12832 4928 12064 7424 3792 15840 9936 3840 9216 1552 4304 15744 10384 320 7664 7648 15536 14672 11264 4448 11408 704 14832 8304 2480 9184 6512 2960 592 15952 8592 14208 9488 1040 9728 14384 10768 13472 6352 12944 4608 880 13680 8112 8816 768 10288 14448 14544 7808 2400 496 4384 4656 3456 11680 96 11056 4784 12032 4560 2976 4144 14592 15488 6640 4080 4416 14192 13072 10144 992 6192 6784 2832 8688 1056 2256 14880 3168 7376 13504 1328 3952 10080 13280 7328 12960 1216 13872 272 10960
1026007084591 1
10257
55378798498354 47
25932 95580 71922 94563 97344 8674 40562 46634 89095 56177 74396 45623 33773 23775 67662 71923 87390 98387 55252 18268 60680 30478 48225 54589 26357 22590 60409 86973 5553 28685 86441 31041 70130 2535 6792 19218 62686 80137 90734 87651 96091 72494 48991 52049 23279 75911 83836
