25
4289507805145280 63
55944 9352 44464 15568 51184 21784 22736 1456 22344 29288 39480 46536 13776 7280 54096 18704 1232 7168 25032 20328 11928 25984 21896 22232 6888 48944 10304 23912 32872 38472 31808 8456 8120 35448 17920 3584 3248 22176 17752 36624 20384 26320 24304 46984 52304 25536 26656 6328 42840 31584 28896 45248 30688 4368 39760 12432 36176 6832 32424 19936 19152 50792 45472
52055781703755 58
42888 24680 39183 35451 18131 53248 8581 29104 8209 7583 90353 92235 22491 59606 61689 58105 77687 5296 93601 66391 77916 1814 64970 58964 60943 35493 16193 77489 1973 18678 78970 6949 46094 50080 96984 84966 88097 40801 86134 913 88860 3112 1225 14940 39968 50507 2599 75371 16087 4379 27874 1540 64727 14083 77265 51147 55776 89979
92727896492586 47
29235 21819 2174 72395 27869 64256 5107 64536 33913 2018 15513 90586 94443 27944 54633 25872 79259 44946 73441 12404 57140 26953 34967 29999 54915 82750 91982 5110 42688 88174 90398 93628 41995 83188 22542 37477 37616 82519 57207 384 82084 1289 5873 74127 48272 79713 14275
51001150248095 56
29642 57499 6129 91748 13578 68678 59184 7656 11271 5136 59983 55431 55506 71642 56135 24477 97779 168 34182 53485 79808 89677 68474 24660 80740 1011 39193 83446 13332 97026 4314 11744 19578 15242 24784 12974 97975 31196 7194 67329 56007 46887 23481 23469 87570 58117 56833 63743 43926 90158 71832 14125 31472 56033 13806 22375
1000066159188 100
8383 7867 4101 17636 20709 20387 8981 30260 33652 35910 27954 4598 38840 32886 36821 10380 40187 15638 48847 36119 19149 26992 6895 30136 31240 11495 29438 48523 40835 1216 2597 28202 33065 26775 10014 32525 31214 9485 25431 7075 28375 37355 21801 19003 13724 35571 38613 31996 21987 29839 20181 47881 44035 49798 26640 19037 36853 17859 8088 22507 21 14683 18763 39110 31763 15138 25318 40185 18988 28846 27499 36818 100000 28003 30452 19398 17087 16361 9160 17558 30662 47999 28453 41167 17031 4663 29619 31906 13998 41282 11444 25944 37118 14489 276 25953 6777 33464 38025 22461
29929794319899 44
71549 45259 64151 68819 85529 86748 20678 19099 78324 646 90019 37476 12038 89412 5708 7254 72460 50797 31750 93441 581 900 40607 91680 86370 61872 98623 35569 8934 18640 6620 80155 67533 78394 46860 28837 15957 23135 94172 83576 73418 71044 74055 65510
639289283343487 89
20692 5096 26852 5012 24976 5712 19628 1848 17696 27160 13328 13776 5684 1932 8708 17136 7364 27524 19124 25536 19264 18788 25396 24332 21868 14392 8344 26460 20104 6356 9716 12152 3164 9576 19012 14784 2912 420 8960 9996 15652 14476 6412 9380 12432 25312 26152 26908 10556 19740 15568 21196 9100 21476 19096 2800 12264 2324 980 4508 10360 25004 5544 27720 18424 3444 18452 11984 364 9352 8792 16492 22316 1652 12684 504 15344 18816 2296 23688 25592 5880 8428 21364 19292 11368 5432 10976 2128
28680536323237 62
19632 47825 5549 53611 20662 57896 81103 2925 28061 23889 37533 38809 32317 1652 14072 91284 87782 47025 70582 84886 24985 43490 83673 52407 24194 80478 87055 36324 76301 7455 6524 72778 58120 66462 43230 71294 49607 84091 87737 69290 43354 32536 85069 41436 57025 245 67793 82698 64110 54172 69645 89476 5655 8874 81860 59605 76887 91935 53009 52963 10075 51223
1000069199760 100
42359 31194 37184 18270 11070 30927 42037 7760 33207 33741 25308 45483 7893 4320 14947 20442 22796 34693 24796 5412 45172 34584 45286 48168 28360 19796 41117 46956 23799 39600 37212 39950 10077 3198 33680 20310 49494 6192 22865 3196 7534 38462 32555 26111 25650 39679 2750 18837 30804 31553 34741 44784 38578 1767 46851 15135 681 4980 11300 29683 7222 16394 47537 38749 49590 10023 958 49357 11163 7770 22945 39249 10122 25268 12463 30042 45405 20883 28582 12693 28392 20969 44720 11632 10070 46653 100000 11387 12643 17073 13692 6414 11999 40344 22579 43616 5383 14218 22715 6438
723850590182840 70
13704 20112 11544 10752 3408 21744 20400 22680 18744 4128 1200 6816 3360 8184 21048 5184 18072 10536 16776 20592 840 4248 168 23568 19584 10944 13104 22176 22608 10296 18768 23064 4584 12432 10512 12384 22392 4896 22776 9336 20232 2040 21768 11568 21096 8136 7344 15840 20424 13416 12600 6144 23832 96 6624 20160 22368 22800 15384 18624 13224 17376 3504 19008 1872 4752 20856 15648 3552 4392
66819809652437 85
70710 34160 46917 98937 46550 99583 63537 64476 86633 36424 11026 46127 90137 48269 6271 8528 40934 89772 6300 36496 95941 72090 30883 70821 21185 96109 52227 68894 78847 19677 99246 67009 93726 38265 80105 8597 3379 68550 99765 18577 53321 79020 25989 56926 8203 3997 60161 18543 3937 61784 98550 63695 92268 55349 93819 13824 93304 14652 3157 60598 13901 2344 88847 39818 12894 38091 71777 61629 79523 73560 78991 48790 65745 27553 6387 88730 44498 99085 35820 92195 9694 26969 17245 3357 48741
104202255858 4
53790 27657 28106 45823
75941822026638 20
17725 23246 65832 76098 36816 74722 75759 41388 21447 43949 51944 92440 76327 79035 84834 49759 68709 69380 51346 16968
745168605476702 45
6370 8526 4788 98 12376 12544 2170 3038 10626 10682 378 12502 6608 6132 3556 560 406 7882 5012 7336 3080 12292 5432 4844 7854 2548 1204 9394 2730 12096 6804 11060 7700 11018 3318 13314 2814 9688 6622 1148 2408 5222 602 6734 168
299982837900003 5
5 100000 2 99999 1
51414297756951 25
95321 81924 78080 47895 65102 52474 15360 81682 99434 83420 99389 52319 53687 2659 63520 65325 83999 60786 96379 70491 88608 53169 74533 1546 45470
57694613950328 83
22316 73251 98105 41278 77055 36631 40098 64894 39433 50070 47963 19904 77377 80756 43935 4439 22987 81652 23646 64034 21391 59872 64292 14130 41837 38100 66916 51111 23765 34294 97238 12687 85720 16796 78017 43796 64009 77401 87352 91678 51170 81275 77708 59492 87175 37739 58837 67324 96857 83014 30625 27326 43501 4766 6387 19683 22510 59901 28116 26143 84671 53106 76406 71430 16959 14530 79784 5371 49014 33999 44645 35658 96803 96666 20978 14821 70692 61720 93503 48379 44052 96873 28428
72722378047612 29
67301 21295 41941 90921 26411 82326 82973 16029 53322 26593 74581 22482 6560 26967 67324 66642 1070 61739 6571 62026 850 39558 84462 99223 69974 96789 42402 75669 74748
6361576460859 73
11677 68326 77925 39965 37362 63965 22641 12854 58943 83951 17598 75837 87043 70595 31808 40367 38972 2572 86630 49951 22563 61746 27497 85225 72060 66127 50551 97874 31840 70710 21150 77036 55515 4600 42307 86227 58511 55421 31967 41786 67034 2623 37276 49446 53046 3300 93023 93104 34261 99419 77680 59384 3239 87122 92483 89972 95881 35241 93844 48899 50672 79127 33485 36492 27200 95709 70002 78444 36288 43607 57554 31820 65816
94107265869902 6
90930 53914 43055 404 52875 76437
1000039692098 100
1624 26620 33688 9521 31440 40008 13846 43678 22399 22569 8253 4296 35658 20513 22440 47391 39648 29001 48768 45734 10137 13302 40250 35403 41201 18049 15142 7302 41815 46522 38560 40344 17528 24083 2233 29861 3939 1393 11893 12877 26640 37108 9418 2490 45614 3845 39371 8657 6626 46061 100000 25491 7014 40613 28375 35421 24458 21009 9925 38736 10293 3906 36297 17370 10162 3070 14581 38589 9114 980 39770 716 27129 27375 48640 4986 20015 2306 28372 28346 48105 17379 6795 43029 28254 48938 24360 34418 6488 21707 12967 49658 41808 14558 18309 24169 27076 27602 19026 2809
1000000000000000000 1
1
1000078298500005 100
384 672 445 560 285 265 415 650 775 352 413 964 128 653 658 908 206 9 465 308 334 968 14 951 129 716 3 881 892 297 812 65 980 193 262 612 584 82 155 857 592 43 4 645 121 861 46 771 289 1 245 572 31 840 92 220 395 516 839 911 457 84 422 307 640 781 278 13 313 805 319 917 316 349 974 7 959 232 54 184 444 866 6 240 721 336 893 50 614 190 619 418 93 2 100000 871 185 657 99999 366
1000019504500008 100
15769 16669 8401 11938 27517 17644 1528 13141 19030 7348 2854 16258 28252 14722 25435 24973 26836 17188 24874 19084 29677 4930 18838 27145 26392 29941 10993 28420 11110 3817 8053 3676 2 11731 25708 29353 99997 6553 4102 9916 8176 11725 16309 23086 21142 22177 12364 2176 445 18586 29215 25816 18034 15301 3 23194 5410 1459 20047 16894 4540 17806 1 16837 8803 17578 12874 11299 7435 20878 2098 18229 28399 3646 14743 19828 27643 133 7372 20347 20887 100000 18871 7078 22573 12607 16096 20191 28990 21442 20287 7882 8005 709 4306 13570 682 12073 3781 24484
1000061350299460 100
99938 99875 150 99860 765 99887 99869 254 743 99851 801 99974 99995 99947 99911 256 99872 99923 902 132 99980 99932 623 99944 99884 99998 25 841 99959 621 302 231 99899 523 99953 99902 99962 199 47 49 405 278 792 618 325 431 80 99863 99983 99926 455 3 573 99956 99866 99905 99950 99881 756 224 235 99941 99977 643 99896 991 218 608 99878 596 99965 99968 921 62 99917 99935 707 99929 287 115 64 99908 99920 612 490 201 99854 624 332 99857 99893 99890 102 99989 99986 99992 99914 236 99971 439