100
71265
97248
86045
8531
4561
5625
7896
5842
4989
7633
5164
2453
9911
9394
66297
8116
42492
8498
4213
9966
4776
19272
29159
18495
57484
93624
3757
9101
7975
69641
29123
67925
82338
2756
2719
1153
8968
67913
2155
38188
6204
8623
74423
67416
58522
5981
66742
82466
93347
9915
41181
9966
4303
55567
6048
57485
7379
81882
3647
62032
60487
81173
8032
97829
4873
5702
9642
14183
1413
97989
4418
8568
20583
7821
30224
9999
98326
9339
5189
8208
94094
7049
8487
2386
80352
77376
5364
1014
35012
21726
2211
58757
27794
9143
68945
46042
8018
45987
9461
7425
