100
1.05032 3.46759 1999.43749
138.1275 3.506 516.0
495.21142 1.01055 1902.17731
58.27681 2.43437 1462.21606
493.62798 1.27855 1918.53791
369.1277 2.0420 1.0
500.000 2.619 1873.0488
494.92766 1.00827 1923.32462
68.0 2.0 1484.0
355.39622 2.85251 887.16576
393.00000 2.00000 786.00000
479.0081 2.436 528.73697
285.576 3.632 26.62
498.62946 1.14535 1984.39189
371.0 3.0 486.0
109.27851 3.40678 1209.61891
186.0 2.0 1238.0
495.41753 1.11153 1936.63089
498.14154 2.83266 683.27885
491.05673 1.41370 1987.43911
187.4567 3.2 254.4
478.00000 3.00000 523.00000
226.5126 1.0 173.3
492.13043 1.46762 1935.24402
496.34380 1.23880 1945.71501
1.0000 2.5 1987.974
497.76255 1.26205 1968.24599
331.00000 4.00000 376.00000
1.03630 3.65443 1999.98567
168.00000 2.00000 336.00000
478.0 2.0 507.0
417.88731 2.87039 163.25341
493.36989 1.43280 1943.10864
33.92520 1.55894 61.06463
497.00167 1.17452 1902.92425
491.54675 1.38174 1972.74848
294.0 4.0 435.0
490.82337 1.21163 1933.60586
466.3814 1.0 1749.9373
491.72936 1.43721 1982.06462
400.00000 4.00000 446.00000
180.75201 1.92946 793.72809
474.80 2.8 103.26
405.0 4.0 1601.0
283.0 3.0 1371.0
45.87048 3.87259 740.66233
498.96647 1.19592 1906.52937
248.899 3.27 2000.00000
128.80099 2.75 472.20015
17.00000 2.00000 34.00000
429.00000 2.00000 449.00000
490.98197 1.40884 1902.14781
1.01081 3.79619 1999.23551
38.0 1.0 1857.0
121.39886 1.54072 114.32582
490.75957 1.02911 1984.01908
498.96650 1.20940 1988.76595
209.0 3.0 62.0
294.0 3.0 77.0
498.72060 1.10949 1971.28706
123.39955 1.80255 343.15838
283.0 2.15712 1566.30732
496.38385 1.20106 1975.10564
493.10887 1.30392 1921.74510
497.89455 1.28567 1901.38433
492.83554 1.35298 1930.74259
495.49016 1.33925 1947.04801
224.0 3.0 1926.0
495.28726 1.11153 1958.96229
490.15735 1.47746 1966.40123
34.98053 2.07108 1538.08824
33.10635 2.59315 342.37907
389.0 1.0 44.0
44.977 3.92979 1222.0
90.03379 2.55419 1952.35542
493.29175 1.22201 1904.67155
498.37350 1.47038 1987.47332
496.55735 1.04670 1973.75895
1.02476 3.44170 1999.37820
495.97032 1.23832 1990.83512
426.16737 2.10141 908.10775
302.78 2.0570 40.0811
89.0526 1.0 142.8256
135.71900 2.19696 367.37
177.22498 1.94155 1205.47779
210.08521 2.93695 1561.12206
498.21040 1.41489 1988.90869
1.86668 3.76143 2.93938
494.00802 1.17969 1979.87193
283.29988 4.00 1415.0
16.7 2.2480 1484.08
90.37535 2.50599 764.23172
493.98644 1.00244 1926.49021
495.57549 1.27356 1988.42122
434.85545 1.85079 1794.34209
492.00000 2.00000 984.00000
326.05746 3.36096 1404.08273
19.0 2.0 989.0
496.40454 1.37744 1920.53978
361.41239 2.25891 822.63012
